證券代碼	簡稱	年月日	開盤價(元)	最高價(元)	最低價(元)	收盤價(元)	成交量(千股)	成交值(千元)
2317   	鴻海         	20170601	   99.57	  100.53	   99.09	  100.53	    27441	     2851027
2330   	台積電       	20170601	  198.39	  200.32	  197.90	  200.32	    29623	     6096361
2412   	中華電       	20170601	  103.13	  103.60	  102.65	  103.13	    10351	     1116612
Y9999  	加權指數     	20170601	10064.44	10100.37	10059.93	10087.42	  3935374	    82752107
2317   	鴻海         	20170602	  101.01	  101.49	  100.53	  101.49	    38194	     4008520
2330   	台積電       	20170602	  201.77	  202.26	  200.81	  202.26	    23265	     4845442
2412   	中華電       	20170602	  103.13	  103.60	  102.17	  103.13	     7341	      791589
Y9999  	加權指數     	20170602	10117.76	10152.53	10117.06	10152.53	  4262071	    88417012
2317   	鴻海         	20170603	  101.01	  101.49	  100.53	  101.01	     9968	     1046425
2330   	台積電       	20170603	  202.26	  202.26	  201.29	  202.26	     1535	      320348
2412   	中華電       	20170603	  103.13	  103.13	  102.17	  102.65	     3247	      349275
Y9999  	加權指數     	20170603	10155.56	10164.98	10140.28	10158.15	  2798294	    46104007
2317   	鴻海         	20170605	  101.01	  101.97	  101.01	  101.49	    29383	     3096213
2330   	台積電       	20170605	  202.74	  205.16	  202.26	  205.16	    22545	     4746962
2412   	中華電       	20170605	  102.65	  103.13	  102.65	  103.13	     6841	      736736
Y9999  	加權指數     	20170605	10164.89	10226.84	10164.89	10226.84	  4481379	    93903092
2317   	鴻海         	20170606	  101.49	  101.49	  101.01	  101.01	    21309	     2240531
2330   	台積電       	20170606	  203.71	  204.68	  203.71	  203.71	    15382	     3243804
2412   	中華電       	20170606	  103.13	  103.13	  102.65	  103.13	     7977	      859764
Y9999  	加權指數     	20170606	10213.17	10221.64	10190.39	10206.18	  4293252	    87145486
2317   	鴻海         	20170607	  101.01	  101.49	  100.53	  101.01	    27310	     2864892
2330   	台積電       	20170607	  205.16	  205.65	  203.23	  204.68	    34729	     7342424
2412   	中華電       	20170607	  103.13	  103.60	  102.65	  102.65	     8852	      953833
Y9999  	加權指數     	20170607	10216.14	10242.39	10183.15	10209.99	  4559947	   103836410
2317   	鴻海         	20170608	  101.01	  101.49	  100.53	  101.01	    15154	     1592538
2330   	台積電       	20170608	  205.16	  206.13	  204.68	  206.13	    21654	     4599496
2412   	中華電       	20170608	  103.13	  103.60	  103.13	  103.60	     6526	      706459
Y9999  	加權指數     	20170608	10215.93	10235.70	10211.00	10225.78	  4040636	    86075208
2317   	鴻海         	20170609	  101.01	  101.97	  101.01	  101.01	    34929	     3673085
2330   	台積電       	20170609	  207.58	  208.06	  205.16	  205.16	    35190	     7505851
2412   	中華電       	20170609	  103.60	  104.08	  103.13	  103.13	     7300	      792000
Y9999  	加權指數     	20170609	10238.55	10268.37	10198.80	10199.65	  4677580	   104458110
2317   	鴻海         	20170612	   99.09	   99.57	   98.13	   98.13	    49986	     5132226
2330   	台積電       	20170612	  200.32	  203.23	  200.32	  200.81	    63111	    13135046
2412   	中華電       	20170612	  103.60	  104.08	  103.13	  103.13	     8626	      933870
Y9999  	加權指數     	20170612	10137.04	10158.64	10109.96	10109.96	  3985616	    91468337
2317   	鴻海         	20170613	   97.16	   98.61	   97.16	   98.13	    42832	     4351938
2330   	台積電       	20170613	  200.32	  201.77	  199.84	  201.29	    49983	    10381567
2412   	中華電       	20170613	  103.13	  103.60	  102.65	  103.13	     5944	      642296
Y9999  	加權指數     	20170613	10109.70	10146.67	10109.70	10128.15	  3602428	    82706434
2317   	鴻海         	20170614	   98.61	   99.09	   97.16	   98.13	    41192	     4197916
2330   	台積電       	20170614	  201.77	  202.74	  199.35	  200.32	    39083	     8113132
2412   	中華電       	20170614	  103.13	  103.60	  102.65	  103.13	     9633	     1040738
Y9999  	加權指數     	20170614	10142.80	10165.31	10033.25	10072.46	  4552307	   101455590
2317   	鴻海         	20170615	   98.61	   99.09	   98.13	   98.61	    22903	     2347374
2330   	台積電       	20170615	  200.81	  201.29	  200.32	  201.29	    19486	     4046560
2412   	中華電       	20170615	  103.13	  103.60	  102.65	  103.60	     8574	      927274
Y9999  	加權指數     	20170615	10079.14	10089.07	10046.80	10088.35	  3918532	    79321844
2317   	鴻海         	20170616	   98.61	  101.01	   98.61	  101.01	    55593	     5792108
2330   	台積電       	20170616	  200.81	  205.16	  200.32	  204.68	    32856	     6902455
2412   	中華電       	20170616	  102.65	  103.13	  102.65	  102.65	     5632	      606541
Y9999  	加權指數     	20170616	10078.69	10159.47	10073.12	10156.73	  4404312	    98019446
2317   	鴻海         	20170619	  101.97	  105.82	  101.97	  105.34	    91950	     9967807
2330   	台積電       	20170619	  204.19	  206.13	  203.71	  206.13	    17489	     3712290
2412   	中華電       	20170619	  102.65	  103.13	  102.65	  103.13	     5948	      640829
Y9999  	加權指數     	20170619	10162.22	10250.60	10162.22	10250.60	  4269513	    90699678
2317   	鴻海         	20170620	  107.27	  110.63	  107.27	  110.15	    90852	    10298716
2330   	台積電       	20170620	  208.06	  210.97	  207.58	  209.52	    28784	     6229988
2412   	中華電       	20170620	  103.13	  103.13	  102.65	  102.65	     6534	      704950
Y9999  	加權指數     	20170620	10286.79	10354.37	10286.79	10324.46	  4530397	    94891334
2317   	鴻海         	20170621	  109.19	  109.67	  107.75	  108.71	    69994	     7905844
2330   	台積電       	20170621	  209.03	  210.00	  207.58	  208.55	    45384	     9793828
2412   	中華電       	20170621	  102.65	  103.60	  102.17	  102.65	    12751	     1373895
Y9999  	加權指數     	20170621	10310.97	10379.82	10274.75	10349.72	  5132712	   110615625
2317   	鴻海         	20170622	  108.71	  110.15	  107.75	  108.23	    59437	     6729021
2330   	台積電       	20170622	  210.00	  210.97	  209.52	  210.97	    26094	     5674049
2412   	中華電       	20170622	  103.13	  103.60	  102.65	  103.60	     8742	      944837
Y9999  	加權指數     	20170622	10369.08	10403.36	10368.93	10399.06	  4738922	    97969279
2317   	鴻海         	20170623	  108.71	  109.67	  108.23	  108.23	    37930	     4287781
2330   	台積電       	20170623	  210.97	  211.45	  210.00	  210.00	    39686	     8627393
2412   	中華電       	20170623	  103.60	  103.60	  103.13	  103.60	     5949	      643668
Y9999  	加權指數     	20170623	10403.56	10422.33	10374.01	10377.70	  4289799	    91395185
2317   	鴻海         	20170626	  109.19	  116.41	  108.71	  115.44	   139000	    16469160
2330   	台積電       	20170626	  212.00	  215.00	  212.00	  215.00	    60140	    12848925
2412   	中華電       	20170626	  103.60	  104.08	  103.13	  104.08	    10425	     1130208
Y9999  	加權指數     	20170626	10341.86	10513.96	10341.86	10513.96	  5791622	   135026851
2317   	鴻海         	20170627	  114.48	  117.85	  114.48	  116.89	    83973	    10148867
2330   	台積電       	20170627	  214.00	  214.00	  211.00	  211.50	    44504	     9437315
2412   	中華電       	20170627	  104.08	  104.08	  103.13	  104.08	     9659	     1050839
Y9999  	加權指數     	20170627	10513.00	10545.70	10489.10	10512.06	  5598438	   114683454
2317   	鴻海         	20170628	  115.44	  116.41	  113.52	  113.52	    99401	    11890167
2330   	台積電       	20170628	  209.50	  210.00	  208.00	  208.50	    52273	    10919812
2412   	中華電       	20170628	  103.60	  104.08	  103.13	  103.60	     7582	      822673
Y9999  	加權指數     	20170628	10459.17	10459.17	10382.81	10390.55	  6023213	   124947255
2317   	鴻海         	20170629	  114.96	  115.44	  114.00	  114.48	    48517	     5781129
2330   	台積電       	20170629	  210.50	  210.50	  208.50	  210.00	    27049	     5678566
2412   	中華電       	20170629	  103.60	  104.08	  102.65	  103.13	     6535	      706047
Y9999  	加權指數     	20170629	10442.18	10476.51	10390.90	10421.65	  5402821	   100488780
2317   	鴻海         	20170630	  113.04	  113.52	  111.59	  112.56	    68372	     7995817
2330   	台積電       	20170630	  206.50	  208.50	  206.50	  208.50	    31709	     6580047
2412   	中華電       	20170630	  102.65	  103.60	  101.69	  103.13	    12331	     1326414
Y9999  	加權指數     	20170630	10367.26	10395.07	10329.84	10395.07	  4536306	    95304784
2317   	鴻海         	20170703	  111.59	  113.52	  111.59	  112.08	    48446	     5650701
2330   	台積電       	20170703	  207.50	  209.00	  207.00	  209.00	    21066	     4382736
2412   	中華電       	20170703	  103.13	  104.08	  102.65	  104.08	     6848	      742941
Y9999  	加權指數     	20170703	10368.99	10412.79	10363.50	10412.79	  4453084	    85666492
2317   	鴻海         	20170704	  112.08	  112.56	  108.71	  108.71	    65450	     7491628
2330   	台積電       	20170704	  208.00	  208.50	  207.00	  207.00	    21592	     4476915
2412   	中華電       	20170704	  103.60	  104.08	  103.13	  103.13	     8105	      877607
Y9999  	加權指數     	20170704	10397.93	10421.72	10347.78	10347.78	  4893991	    92728204
2317   	鴻海         	20170705	  109.19	  111.59	  108.71	  111.59	    58318	     6682942
2330   	台積電       	20170705	  207.00	  208.50	  206.50	  208.50	    23463	     4868199
2412   	中華電       	20170705	  103.13	  104.08	  103.13	  104.08	     8310	      903551
Y9999  	加權指數     	20170705	10352.39	10404.79	10304.74	10404.79	  4293552	    84959839
2317   	鴻海         	20170706	  111.11	  111.11	  109.67	  111.11	    31861	     3661029
2330   	台積電       	20170706	  208.00	  208.50	  207.00	  207.50	    15260	     3166474
2412   	中華電       	20170706	  104.08	  104.08	  103.60	  103.60	     7766	      845109
Y9999  	加權指數     	20170706	10380.66	10381.20	10336.32	10368.20	  3994714	    87544601
2317   	鴻海         	20170707	  110.15	  110.63	  109.67	  110.15	    32707	     3742883
2330   	台積電       	20170707	  207.00	  207.50	  205.50	  206.00	    21567	     4449245
2412   	中華電       	20170707	  103.60	  104.08	  103.13	  103.60	     7382	      800967
Y9999  	加權指數     	20170707	10343.30	10343.30	10294.69	10297.25	  3741612	    83791845
2317   	鴻海         	20170710	  110.63	  111.59	  110.15	  111.11	    45153	     5205726
2330   	台積電       	20170710	  206.50	  207.00	  206.00	  206.00	    13326	     2749724
2412   	中華電       	20170710	  103.60	  104.08	  103.13	  103.60	     8231	      891942
Y9999  	加權指數     	20170710	10310.74	10331.11	10283.95	10289.91	  3961608	    82621691
2317   	鴻海         	20170711	  112.56	  114.00	  112.08	  114.00	    75118	     8852444
2330   	台積電       	20170711	  208.00	  212.00	  207.50	  212.00	    34593	     7275696
2412   	中華電       	20170711	  103.60	  104.08	  103.13	  104.08	    18393	     1997432
Y9999  	加權指數     	20170711	10313.08	10415.57	10313.08	10415.57	  4808364	   110479228
2317   	鴻海         	20170712	  114.00	  114.96	  113.52	  114.00	    91355	    10838373
2330   	台積電       	20170712	  211.00	  212.50	  210.50	  210.50	    26887	     5690155
2412   	中華電       	20170712	  104.08	  104.56	  103.60	  104.08	    17037	     1856586
Y9999  	加權指數     	20170712	10396.97	10450.87	10393.54	10420.68	  5099777	   112288665
2317   	鴻海         	20170713	  115.50	  116.00	  115.00	  115.50	    83078	     9607891
2330   	台積電       	20170713	  212.00	  216.00	  211.50	  214.50	    50136	    10735533
2412   	中華電       	20170713	  104.08	  104.56	  104.08	  104.56	    17450	     1906566
Y9999  	加權指數     	20170713	10418.74	10485.28	10418.74	10460.15	  5724517	   117503676
2317   	鴻海         	20170714	  116.00	  116.00	  115.00	  115.50	    35813	     4140224
2330   	台積電       	20170714	  213.00	  214.50	  212.00	  213.00	    22364	     4773890
2412   	中華電       	20170714	  104.56	  105.04	  104.08	  104.56	    10959	     1200666
Y9999  	加權指數     	20170714	10450.92	10466.34	10423.40	10443.91	  4863496	   101305353
2317   	鴻海         	20170717	  116.00	  116.00	  115.00	  115.50	    35526	     4107831
2330   	台積電       	20170717	  215.00	  215.50	  211.50	  213.00	    21400	     4566620
2412   	中華電       	20170717	  104.56	  105.51	  104.56	  105.04	    20894	     2296436
Y9999  	加權指數     	20170717	10467.27	10490.05	10436.31	10457.54	  4824543	   100189589
2317   	鴻海         	20170718	  115.50	  117.00	  115.00	  117.00	    34634	     4017352
2330   	台積電       	20170718	  213.00	  214.00	  212.00	  214.00	    18756	     3998545
2412   	中華電       	20170718	  105.04	  105.99	  104.56	  105.51	    13850	     1528432
Y9999  	加權指數     	20170718	10447.47	10481.26	10429.85	10481.26	  4840898	    97241737
2317   	鴻海         	20170719	  117.50	  118.00	  117.00	  117.00	    30175	     3540992
2330   	台積電       	20170719	  212.50	  215.00	  212.50	  214.50	    20661	     4428023
2412   	中華電       	20170719	  105.51	  105.99	  104.56	  105.04	    15455	     1703036
Y9999  	加權指數     	20170719	10472.81	10537.42	10472.81	10506.10	  5429199	   120095511
2317   	鴻海         	20170720	  118.00	  118.50	  116.50	  116.50	    34665	     4068390
2330   	台積電       	20170720	  215.00	  215.50	  214.00	  215.50	    20795	     4468108
2412   	中華電       	20170720	  105.04	  105.04	  104.08	  104.56	    20666	     2260847
Y9999  	加權指數     	20170720	10513.12	10534.52	10483.54	10499.36	  5016236	   103519884
2317   	鴻海         	20170721	  116.50	  116.50	  114.50	  115.00	    32812	     3783138
2330   	台積電       	20170721	  214.00	  215.00	  213.50	  214.00	    15422	     3302914
2412   	中華電       	20170721	  104.50	  105.00	  103.50	  103.50	    16775	     1746388
Y9999  	加權指數     	20170721	10468.47	10477.72	10428.56	10436.70	  4167695	    85631515
2317   	鴻海         	20170724	  114.50	  116.00	  114.00	  116.00	    28834	     3323847
2330   	台積電       	20170724	  213.50	  214.50	  213.00	  214.50	    20002	     4279712
2412   	中華電       	20170724	  103.50	  104.00	  103.00	  103.50	    13881	     1433849
Y9999  	加權指數     	20170724	10426.13	10461.28	10406.81	10461.28	  3935837	    82964547
2317   	鴻海         	20170725	  116.50	  117.50	  116.00	  117.00	    39264	     4590748
2330   	台積電       	20170725	  214.00	  214.50	  213.50	  214.00	    13853	     2965264
2412   	中華電       	20170725	  103.50	  104.00	  103.00	  103.50	     6349	      656326
Y9999  	加權指數     	20170725	10455.14	10473.98	10442.85	10463.15	  4566876	    93217152
2317   	鴻海         	20170726	  117.50	  117.50	  115.50	  115.50	    27988	     3266271
2330   	台積電       	20170726	  215.00	  215.00	  212.50	  213.00	    15900	     3393269
2412   	中華電       	20170726	  103.50	  104.00	  103.00	  103.50	     7504	      774497
Y9999  	加權指數     	20170726	10477.15	10500.11	10416.57	10419.11	  5320582	   109732730
2317   	鴻海         	20170727	  117.00	  118.50	  117.00	  117.50	    47888	     5642194
2330   	台積電       	20170727	  213.50	  216.00	  213.50	  215.50	    23045	     4959471
2412   	中華電       	20170727	  103.50	  104.00	  103.00	  103.50	     7574	      783007
Y9999  	加權指數     	20170727	10427.83	10516.23	10427.83	10508.37	  5521768	   110444483
2317   	鴻海         	20170728	  117.50	  118.00	  116.50	  117.50	    28597	     3358657
2330   	台積電       	20170728	  213.00	  214.00	  212.50	  213.00	    21121	     4498197
2412   	中華電       	20170728	  103.50	  103.50	  102.50	  103.00	    16031	     1653355
Y9999  	加權指數     	20170728	10480.67	10480.67	10410.53	10423.05	  4504894	    98797187
2317   	鴻海         	20170731	  116.50	  117.50	  116.50	  117.50	    26663	     3122696
2330   	台積電       	20170731	  211.50	  214.50	  211.50	  214.50	    20363	     4352541
2412   	中華電       	20170731	  103.00	  103.00	  102.00	  102.00	    12859	     1316463
Y9999  	加權指數     	20170731	10396.76	10427.33	10366.17	10427.33	  4379828	    96853698
2317   	鴻海         	20170801	  116.50	  117.50	  116.50	  116.50	    24368	     2845683
2330   	台積電       	20170801	  212.50	  214.00	  212.00	  212.00	    20314	     4325934
2412   	中華電       	20170801	  102.50	  102.50	  102.00	  102.00	    11944	     1219421
Y9999  	加權指數     	20170801	10408.53	10470.03	10408.53	10437.29	  5390357	   113018512
2317   	鴻海         	20170802	  118.50	  119.50	  117.50	  118.50	    42046	     4980239
2330   	台積電       	20170802	  214.00	  216.00	  214.00	  216.00	    30528	     6574998
2412   	中華電       	20170802	  102.50	  102.50	  101.50	  102.00	    12362	     1261175
Y9999  	加權指數     	20170802	10479.26	10519.27	10479.26	10519.27	  5537089	   124516201
2317   	鴻海         	20170803	  117.50	  119.00	  117.50	  119.00	    32872	     3890975
2330   	台積電       	20170803	  213.00	  214.00	  212.50	  213.50	    27097	     5779905
2412   	中華電       	20170803	  101.50	  102.00	  101.50	  102.00	     8007	      814733
Y9999  	加權指數     	20170803	10464.10	10478.62	10427.72	10469.88	  5014480	   110863019
2317   	鴻海         	20170804	  119.00	  119.50	  118.50	  119.50	    22973	     2733317
2330   	台積電       	20170804	  213.50	  214.00	  212.50	  213.00	    22187	     4735259
2412   	中華電       	20170804	  102.00	  102.50	  102.00	  102.50	     4501	      459916
Y9999  	加權指數     	20170804	10470.96	10510.70	10466.25	10506.56	  5216082	   114387448
2317   	鴻海         	20170807	  119.50	  122.00	  119.50	  121.50	    55573	     6709580
2330   	台積電       	20170807	  213.50	  216.50	  213.50	  216.00	    21594	     4653776
2412   	中華電       	20170807	  102.50	  102.50	  102.00	  102.00	     5801	      592769
Y9999  	加權指數     	20170807	10521.69	10592.31	10521.69	10579.38	  5672576	   128044126
2317   	鴻海         	20170808	  122.00	  122.50	  119.50	  121.00	    35846	     4341762
2330   	台積電       	20170808	  217.50	  219.00	  216.00	  217.50	    25223	     5483118
2412   	中華電       	20170808	  102.00	  102.50	  102.00	  102.50	     4441	      454015
Y9999  	加權指數     	20170808	10598.59	10619.42	10533.72	10568.97	  5985191	   134259290
2317   	鴻海         	20170809	  119.50	  120.50	  117.50	  118.00	    47421	     5632833
2330   	台積電       	20170809	  215.00	  215.50	  213.50	  214.50	    28129	     6035247
2412   	中華電       	20170809	  102.50	  102.50	  102.00	  102.00	     4539	      463975
Y9999  	加權指數     	20170809	10523.51	10536.19	10457.52	10470.38	  5456480	   112648284
2317   	鴻海         	20170810	  118.00	  118.00	  115.00	  116.00	    48173	     5605365
2330   	台積電       	20170810	  215.50	  215.50	  212.50	  214.00	    27440	     5866558
2412   	中華電       	20170810	  102.00	  102.50	  102.00	  102.00	     6532	      667129
Y9999  	加權指數     	20170810	10470.03	10477.79	10303.47	10329.74	  6392060	   137041278
2317   	鴻海         	20170811	  114.50	  117.00	  114.50	  116.50	    46202	     5342938
2330   	台積電       	20170811	  211.00	  213.50	  210.50	  212.50	    41592	     8803564
2412   	中華電       	20170811	  102.00	  102.50	  101.50	  102.00	     5302	      540428
Y9999  	加權指數     	20170811	10267.05	10338.06	10238.50	10329.57	  5864918	   123089498
2317   	鴻海         	20170814	  116.50	  116.50	  114.00	  114.00	    45566	     5243397
2330   	台積電       	20170814	  213.50	  214.00	  210.00	  211.00	    29414	     6233486
2412   	中華電       	20170814	  102.50	  102.50	  102.00	  102.00	     4407	      450509
Y9999  	加權指數     	20170814	10347.66	10365.22	10225.28	10225.28	  5432947	   108746597
2317   	鴻海         	20170815	  115.50	  116.00	  114.50	  115.50	    23934	     2759774
2330   	台積電       	20170815	  213.00	  214.50	  213.00	  214.00	    14385	     3073117
2412   	中華電       	20170815	  102.00	  102.50	  102.00	  102.50	     3395	      347653
Y9999  	加權指數     	20170815	10271.03	10336.22	10271.03	10311.16	  5054840	    95342619
2317   	鴻海         	20170816	  115.00	  116.00	  114.50	  115.00	    28874	     3318357
2330   	台積電       	20170816	  214.50	  214.50	  211.00	  213.00	    25206	     5357190
2412   	中華電       	20170816	  102.50	  102.50	  102.00	  102.50	     5796	      593318
Y9999  	加權指數     	20170816	10302.83	10322.38	10245.72	10290.39	  5191539	   100488470
2317   	鴻海         	20170817	  115.00	  116.00	  115.00	  116.00	    18416	     2128564
2330   	台積電       	20170817	  213.50	  214.00	  213.00	  214.00	     8353	     1785167
2412   	中華電       	20170817	  102.50	  102.50	  102.00	  102.50	     2775	      284283
Y9999  	加權指數     	20170817	10302.54	10372.41	10302.54	10369.37	  5616791	    98969617
2317   	鴻海         	20170818	  114.50	  116.00	  114.00	  115.50	    28090	     3226726
2330   	台積電       	20170818	  212.00	  213.00	  211.00	  212.50	    14363	     3043468
2412   	中華電       	20170818	  103.00	  103.00	  102.50	  102.50	     4935	      507310
Y9999  	加權指數     	20170818	10324.83	10330.39	10259.83	10321.33	  5044204	    90157457
2317   	鴻海         	20170821	  114.50	  115.00	  114.00	  115.00	    18950	     2171904
2330   	台積電       	20170821	  212.50	  213.00	  211.50	  211.50	    13847	     2934064
2412   	中華電       	20170821	  103.00	  103.00	  102.50	  102.50	     2557	      262715
Y9999  	加權指數     	20170821	10316.09	10336.37	10282.72	10326.39	  4578949	    86463292
2317   	鴻海         	20170822	  115.50	  116.00	  115.00	  115.00	    18866	     2178498
2330   	台積電       	20170822	  213.50	  214.50	  213.00	  214.50	    17330	     3710809
2412   	中華電       	20170822	  103.00	  103.00	  102.50	  103.00	     4132	      425011
Y9999  	加權指數     	20170822	10353.37	10410.47	10353.37	10392.07	  5549157	   110914846
2317   	鴻海         	20170823	  115.50	  116.50	  115.00	  115.00	    30660	     3551398
2330   	台積電       	20170823	  215.50	  216.00	  214.00	  215.50	    11757	     2531926
2412   	中華電       	20170823	  103.00	  103.00	  102.50	  103.00	     6840	      703112
Y9999  	加權指數     	20170823	10418.32	10458.91	10378.01	10406.81	  5641405	   117047625
2317   	鴻海         	20170824	  115.00	  116.00	  115.00	  116.00	    27856	     3216151
2330   	台積電       	20170824	  216.00	  217.00	  215.50	  217.00	    15426	     3341510
2412   	中華電       	20170824	  103.00	  103.00	  102.50	  103.00	     6042	      621494
Y9999  	加權指數     	20170824	10414.66	10488.96	10410.73	10488.96	  5808139	   117767099
2317   	鴻海         	20170825	  116.00	  116.50	  115.50	  116.00	    20841	     2417589
2330   	台積電       	20170825	  217.50	  217.50	  216.00	  217.50	    10975	     2384766
2412   	中華電       	20170825	  103.00	  103.50	  102.50	  103.50	     5131	      529779
Y9999  	加權指數     	20170825	10497.86	10519.84	10478.72	10515.51	  6024909	   121552932
2317   	鴻海         	20170828	  116.50	  116.50	  115.00	  115.50	    19889	     2302005
2330   	台積電       	20170828	  215.00	  216.50	  215.00	  216.00	    16512	     3564102
2412   	中華電       	20170828	  103.50	  104.00	  103.50	  104.00	     7491	      777706
Y9999  	加權指數     	20170828	10502.80	10542.37	10498.88	10525.98	  5890372	   114730302
2317   	鴻海         	20170829	  115.00	  115.50	  115.00	  115.50	    17096	     1969472
2330   	台積電       	20170829	  216.00	  216.00	  215.00	  216.00	    16561	     3569385
2412   	中華電       	20170829	  104.00	  104.00	  103.50	  104.00	     5878	      610220
Y9999  	加權指數     	20170829	10518.69	10518.69	10463.22	10496.57	  5814380	   108694251
2317   	鴻海         	20170830	  116.00	  117.50	  116.00	  117.50	    34362	     4011509
2330   	台積電       	20170830	  216.00	  218.00	  216.00	  217.50	    19674	     4274683
2412   	中華電       	20170830	  104.00	  104.50	  104.00	  104.50	     6455	      672693
Y9999  	加權指數     	20170830	10511.59	10574.53	10511.59	10569.40	  5901288	   121497579
2317   	鴻海         	20170831	  118.50	  119.00	  117.00	  117.50	    34282	     4039750
2330   	台積電       	20170831	  217.50	  218.00	  215.50	  216.50	    26945	     5837056
2412   	中華電       	20170831	  104.50	  105.00	  104.00	  105.00	    10963	     1145202
Y9999  	加權指數     	20170831	10586.65	10609.48	10551.95	10585.78	  5945548	   129488500
2317   	鴻海         	20170901	  117.00	  118.00	  117.00	  117.50	    17581	     2063796
2330   	台積電       	20170901	  215.00	  217.50	  215.00	  216.50	    17805	     3851834
2412   	中華電       	20170901	  104.50	  105.00	  104.50	  104.50	     8094	      847906
Y9999  	加權指數     	20170901	10576.27	10619.52	10568.72	10594.82	  6064861	   115511578
2317   	鴻海         	20170904	  116.50	  117.50	  116.00	  116.50	    19131	     2232915
2330   	台積電       	20170904	  216.50	  218.00	  215.50	  217.50	    15053	     3273164
2412   	中華電       	20170904	  104.50	  105.00	  104.50	  105.00	     5130	      537741
Y9999  	加權指數     	20170904	10585.44	10610.04	10555.34	10569.87	  5498749	   106969189
2317   	鴻海         	20170905	  116.50	  117.00	  115.50	  116.50	    28540	     3314380
2330   	台積電       	20170905	  218.00	  218.00	  216.50	  218.00	    34514	     7503488
2412   	中華電       	20170905	  105.00	  105.00	  104.00	  104.50	    11143	     1165717
Y9999  	加權指數     	20170905	10584.10	10617.84	10564.26	10617.84	  5873609	   120738411
2317   	鴻海         	20170906	  116.00	  116.50	  115.00	  115.50	    30304	     3508485
2330   	台積電       	20170906	  216.50	  218.00	  216.00	  217.00	    28148	     6117444
2412   	中華電       	20170906	  104.50	  105.00	  104.00	  104.00	     9773	     1019240
Y9999  	加權指數     	20170906	10593.87	10604.92	10519.71	10547.86	  6210529	   130345356
2317   	鴻海         	20170907	  115.50	  116.50	  115.00	  115.50	    25406	     2931630
2330   	台積電       	20170907	  218.00	  218.50	  216.00	  217.00	    19198	     4170321
2412   	中華電       	20170907	  104.00	  104.50	  104.00	  104.50	     6217	      648706
Y9999  	加權指數     	20170907	10564.79	10604.02	10509.91	10538.51	  6412690	   132970074
2317   	鴻海         	20170908	  116.00	  117.50	  115.50	  117.00	    39679	     4635824
2330   	台積電       	20170908	  217.00	  218.00	  216.50	  218.00	    25512	     5549520
2412   	中華電       	20170908	  104.50	  105.00	  104.00	  105.00	     8875	      930451
Y9999  	加權指數     	20170908	10553.90	10609.95	10550.72	10609.95	  5779683	   122808831
2317   	鴻海         	20170911	  117.50	  118.00	  115.50	  116.00	    21045	     2452053
2330   	台積電       	20170911	  219.00	  219.50	  216.50	  217.00	    19387	     4215723
2412   	中華電       	20170911	  104.50	  105.00	  104.50	  104.50	     4819	      505312
Y9999  	加權指數     	20170911	10630.16	10656.25	10565.78	10572.16	  5920435	   132729410
2317   	鴻海         	20170912	  117.00	  117.50	  116.00	  117.00	    19715	     2297617
2330   	台積電       	20170912	  219.00	  219.50	  217.50	  219.00	    24862	     5437521
2412   	中華電       	20170912	  105.00	  105.00	  104.50	  104.50	     5463	      572131
Y9999  	加權指數     	20170912	10610.33	10646.55	10586.28	10610.35	  5769101	   126290984
2317   	鴻海         	20170913	  116.50	  117.50	  115.50	  115.50	    24576	     2851864
2330   	台積電       	20170913	  217.50	  219.00	  217.50	  218.00	    18336	     3998984
2412   	中華電       	20170913	  104.50	  105.00	  104.00	  104.00	     4413	      461030
Y9999  	加權指數     	20170913	10596.36	10620.31	10532.88	10532.88	  5853111	   130257893
2317   	鴻海         	20170914	  115.50	  115.50	  114.00	  114.50	    31054	     3563543
2330   	台積電       	20170914	  218.50	  219.00	  217.50	  218.50	    21508	     4701852
2412   	中華電       	20170914	  104.00	  104.50	  104.00	  104.00	     3699	      385647
Y9999  	加權指數     	20170914	10533.99	10572.71	10508.72	10553.57	  5522954	   123687874
2317   	鴻海         	20170915	  114.00	  115.00	  114.00	  115.00	    53127	     6093815
2330   	台積電       	20170915	  218.50	  219.00	  217.00	  218.50	    48901	    10668230
2412   	中華電       	20170915	  104.00	  104.50	  104.00	  104.50	     6608	      690101
Y9999  	加權指數     	20170915	10556.82	10580.78	10520.15	10580.41	  6482820	   158750379
2317   	鴻海         	20170918	  114.00	  115.00	  113.00	  114.00	    46673	     5321846
2330   	台積電       	20170918	  219.00	  220.00	  218.00	  219.50	    17812	     3905801
2412   	中華電       	20170918	  104.00	  104.50	  104.00	  104.00	     3946	      411103
Y9999  	加權指數     	20170918	10590.80	10642.40	10581.81	10631.57	  6950033	   135735383
2317   	鴻海         	20170919	  113.50	  114.00	  110.00	  110.00	    98361	    10956198
2330   	台積電       	20170919	  221.50	  221.50	  220.00	  221.50	    26255	     5742129
2412   	中華電       	20170919	  104.00	  104.00	  103.50	  104.00	     4847	      503231
Y9999  	加權指數     	20170919	10653.34	10664.18	10561.21	10576.14	  6625270	   140825604
2317   	鴻海         	20170920	  109.00	  110.00	  106.50	  106.50	    98939	    10663297
2330   	台積電       	20170920	  221.00	  222.00	  220.00	  221.50	    23434	     5179958
2412   	中華電       	20170920	  103.50	  104.00	  103.50	  104.00	     6619	      686276
Y9999  	加權指數     	20170920	10568.58	10589.19	10490.71	10519.17	  5895804	   131844817
2317   	鴻海         	20170921	  105.50	  112.00	  105.00	  111.00	   105628	    11532548
2330   	台積電       	20170921	  221.00	  223.00	  220.00	  221.00	    18645	     4125047
2412   	中華電       	20170921	  103.50	  104.00	  103.50	  103.50	     3653	      378504
Y9999  	加權指數     	20170921	10506.85	10603.08	10493.95	10578.44	  5569265	   121796308
2317   	鴻海         	20170922	  109.00	  110.00	  108.00	  108.00	    58633	     6370532
2330   	台積電       	20170922	  221.50	  222.00	  218.50	  218.50	    22456	     4930530
2412   	中華電       	20170922	  103.50	  104.00	  103.00	  103.50	     3434	      355287
Y9999  	加權指數     	20170922	10571.65	10579.02	10446.45	10449.68	  5727401	   122302198
2317   	鴻海         	20170925	  107.00	  107.00	  105.00	  105.00	    71182	     7516424
2330   	台積電       	20170925	  217.50	  218.50	  217.00	  217.00	    17458	     3797761
2412   	中華電       	20170925	  103.50	  103.50	  102.50	  103.00	     6036	      622305
Y9999  	加權指數     	20170925	10442.05	10447.09	10322.10	10335.89	  5784894	   132130208
2317   	鴻海         	20170926	  104.00	  106.00	  103.00	  103.50	    72853	     7619053
2330   	台積電       	20170926	  217.50	  218.00	  214.00	  214.00	    25003	     5392244
2412   	中華電       	20170926	  103.00	  103.50	  102.50	  103.00	     4925	      507011
Y9999  	加權指數     	20170926	10333.44	10374.54	10257.02	10257.02	  5758755	   123610817
2317   	鴻海         	20170927	  105.00	  105.50	  104.50	  105.00	    37848	     3977834
2330   	台積電       	20170927	  217.50	  217.50	  215.00	  215.00	    24794	     5353580
2412   	中華電       	20170927	  103.00	  103.50	  102.50	  103.00	     5689	      587045
Y9999  	加權指數     	20170927	10322.44	10357.23	10315.97	10326.68	  5280623	   110708660
2317   	鴻海         	20170928	  106.00	  106.00	  104.00	  104.50	    36877	     3872097
2330   	台積電       	20170928	  215.00	  216.00	  213.50	  214.00	    31616	     6788534
2412   	中華電       	20170928	  103.50	  104.00	  103.00	  103.00	     7805	      807558
Y9999  	加權指數     	20170928	10351.42	10365.59	10288.24	10296.45	  5003507	   107640220
2317   	鴻海         	20170929	  104.50	  105.50	  103.50	  105.00	    35552	     3720368
2330   	台積電       	20170929	  216.00	  217.50	  215.50	  216.50	    23954	     5184362
2412   	中華電       	20170929	  103.50	  104.50	  103.00	  104.50	     5650	      588227
Y9999  	加權指數     	20170929	10319.69	10338.95	10273.60	10329.94	  4925439	   101796738
2317   	鴻海         	20170930	  106.00	  107.00	  105.50	  107.00	    15841	     1689225
2330   	台積電       	20170930	  218.00	  218.50	  216.50	  216.50	     4254	      924823
2412   	中華電       	20170930	  104.50	  105.00	  104.50	  104.50	     2711	      284197
Y9999  	加權指數     	20170930	10362.55	10400.40	10362.55	10383.94	  3583409	    54278685
2317   	鴻海         	20171002	  108.00	  108.00	  107.00	  107.00	    24692	     2654340
2330   	台積電       	20171002	  219.50	  220.50	  218.50	  220.50	    28360	     6233064
2412   	中華電       	20171002	  104.50	  104.50	  103.00	  103.50	     7326	      760982
Y9999  	加權指數     	20171002	10425.10	10472.81	10414.53	10465.16	  4720525	   101571488
2317   	鴻海         	20171003	  107.50	  108.00	  106.00	  106.00	    26015	     2773332
2330   	台積電       	20171003	  219.00	  223.00	  219.00	  222.50	    38330	     8497244
2412   	中華電       	20171003	  103.50	  103.50	  103.00	  103.00	     7922	      817529
Y9999  	加權指數     	20171003	10462.70	10495.34	10445.86	10469.35	  4790980	   109420203
2317   	鴻海         	20171005	  106.50	  107.00	  105.00	  106.00	    22523	     2388118
2330   	台積電       	20171005	  222.00	  225.50	  222.00	  224.50	    25397	     5691251
2412   	中華電       	20171005	  103.00	  103.50	  103.00	  103.00	     7780	      803365
Y9999  	加權指數     	20171005	10473.28	10530.93	10473.28	10518.27	  4672633	   106536506
2317   	鴻海         	20171006	  106.50	  107.00	  106.00	  106.50	    22385	     2380750
2330   	台積電       	20171006	  225.00	  225.50	  223.50	  224.50	    16040	     3604683
2412   	中華電       	20171006	  103.00	  103.50	  103.00	  103.00	     6934	      715031
Y9999  	加權指數     	20171006	10538.21	10557.67	10511.50	10532.81	  4669025	   109117143
2317   	鴻海         	20171011	  107.50	  109.00	  107.00	  107.00	    44155	     4757774
2330   	台積電       	20171011	  226.50	  233.50	  226.50	  233.00	    67649	    15633206
2412   	中華電       	20171011	  103.00	  103.50	  102.50	  103.00	    14554	     1500592
Y9999  	加權指數     	20171011	10576.12	10668.49	10576.12	10641.19	  5950658	   156055654
2317   	鴻海         	20171012	  108.50	  109.00	  107.50	  108.00	    41863	     4532907
2330   	台積電       	20171012	  235.00	  237.50	  234.50	  237.50	    44176	    10450920
2412   	中華電       	20171012	  103.00	  103.50	  103.00	  103.00	     8574	      884297
Y9999  	加權指數     	20171012	10668.39	10711.44	10668.39	10711.44	  5367696	   126234928
2317   	鴻海         	20171013	  108.00	  108.00	  107.00	  108.00	    26951	     2897914
2330   	台積電       	20171013	  237.50	  237.50	  234.50	  237.50	    23145	     5465540
2412   	中華電       	20171013	  103.00	  103.50	  103.00	  103.50	     6605	      681953
Y9999  	加權指數     	20171013	10712.48	10724.09	10675.83	10724.09	  5252705	   123502674
2317   	鴻海         	20171016	  109.00	  110.00	  108.00	  109.50	    34884	     3802487
2330   	台積電       	20171016	  237.50	  238.00	  236.00	  238.00	    20673	     4906963
2412   	中華電       	20171016	  103.50	  103.50	  103.00	  103.00	     9368	      967211
Y9999  	加權指數     	20171016	10735.14	10774.21	10723.37	10774.21	  5697392	   126832090
2317   	鴻海         	20171017	  111.00	  111.00	  109.50	  110.50	    40472	     4469022
2330   	台積電       	20171017	  238.00	  238.00	  235.00	  235.50	    17652	     4171891
2412   	中華電       	20171017	  103.50	  103.50	  103.00	  103.50	     9365	      966424
Y9999  	加權指數     	20171017	10790.35	10798.52	10723.15	10723.15	  5300574	   121200574
2317   	鴻海         	20171018	  111.50	  112.00	  110.00	  111.50	    39251	     4357759
2330   	台積電       	20171018	  239.50	  239.50	  237.00	  237.50	    28970	     6901364
2412   	中華電       	20171018	  103.50	  103.50	  103.00	  103.00	    10460	     1079387
Y9999  	加權指數     	20171018	10773.85	10790.31	10684.32	10720.28	  5743037	   137887349
2317   	鴻海         	20171019	  112.00	  113.50	  111.50	  113.00	    44806	     5053980
2330   	台積電       	20171019	  239.50	  241.50	  239.00	  239.00	    23481	     5636769
2412   	中華電       	20171019	  103.00	  103.50	  102.50	  102.50	     8910	      917467
Y9999  	加權指數     	20171019	10745.77	10798.54	10745.77	10760.29	  5461982	   119853553
2317   	鴻海         	20171020	  112.00	  113.00	  111.00	  112.00	    28950	     3242768
2330   	台積電       	20171020	  238.00	  239.50	  237.50	  237.50	    27056	     6456386
2412   	中華電       	20171020	  102.50	  103.00	  102.50	  102.50	     9295	      954651
Y9999  	加權指數     	20171020	10737.87	10753.77	10702.56	10728.88	  5337213	   126369607
2317   	鴻海         	20171023	  112.50	  113.00	  109.00	  109.50	    31138	     3449871
2330   	台積電       	20171023	  239.00	  240.00	  238.50	  239.00	    15959	     3820927
2412   	中華電       	20171023	  103.00	  103.00	  102.50	  103.00	     4602	      473795
Y9999  	加權指數     	20171023	10759.47	10792.27	10731.90	10735.21	  4926106	   105641792
2317   	鴻海         	20171024	  110.00	  111.50	  109.00	  109.50	    28243	     3101492
2330   	台積電       	20171024	  240.00	  240.00	  238.00	  238.00	    16100	     3842463
2412   	中華電       	20171024	  103.00	  103.00	  102.50	  102.50	     8522	      874731
Y9999  	加權指數     	20171024	10749.90	10766.64	10726.25	10743.78	  5237811	   111985940
2317   	鴻海         	20171025	  111.00	  111.50	  110.00	  111.00	    29879	     3307846
2330   	台積電       	20171025	  238.50	  239.00	  237.50	  238.00	    17205	     4099505
2412   	中華電       	20171025	  103.00	  103.00	  102.50	  102.50	     4438	      456011
Y9999  	加權指數     	20171025	10771.40	10794.55	10740.07	10750.57	  5508162	   120240229
2317   	鴻海         	20171026	  110.00	  111.50	  110.00	  110.50	    19615	     2171214
2330   	台積電       	20171026	  237.00	  238.00	  236.00	  236.00	    12959	     3069618
2412   	中華電       	20171026	  102.50	  103.00	  102.50	  102.50	     6674	      684573
Y9999  	加權指數     	20171026	10735.35	10756.51	10716.52	10734.76	  5218891	   112492410
2317   	鴻海         	20171027	  111.50	  112.00	  110.00	  110.00	    27118	     2996616
2330   	台積電       	20171027	  237.50	  240.00	  237.50	  239.00	    18040	     4304460
2412   	中華電       	20171027	  102.50	  103.00	  102.50	  103.00	     6804	      698508
Y9999  	加權指數     	20171027	10757.35	10803.60	10701.08	10709.11	  6671349	   149096652
2317   	鴻海         	20171030	  113.00	  114.00	  111.50	  111.50	    42080	     4736954
2330   	台積電       	20171030	  242.00	  245.00	  241.50	  243.00	    30241	     7358619
2412   	中華電       	20171030	  103.00	  103.50	  102.50	  102.50	     5802	      597537
Y9999  	加權指數     	20171030	10777.60	10842.25	10743.13	10756.87	  5553482	   125069645
2317   	鴻海         	20171031	  112.50	  113.00	  111.50	  112.00	    33161	     3727025
2330   	台積電       	20171031	  243.50	  245.00	  241.50	  243.00	    22582	     5497062
2412   	中華電       	20171031	  102.50	  103.00	  102.50	  103.00	     4201	      432623
Y9999  	加權指數     	20171031	10768.90	10829.33	10747.37	10793.80	  5326084	   119064708
2317   	鴻海         	20171101	  112.50	  113.00	  111.50	  112.00	    21096	     2366251
2330   	台積電       	20171101	  243.50	  245.00	  241.50	  242.50	    20465	     4975624
2412   	中華電       	20171101	  103.00	  103.50	  102.50	  102.50	     8149	      838348
Y9999  	加權指數     	20171101	10816.04	10843.41	10785.32	10806.36	  5922894	   129426685
2317   	鴻海         	20171102	  111.50	  113.00	  111.50	  112.50	    23729	     2667065
2330   	台積電       	20171102	  242.00	  242.50	  240.50	  241.00	    16309	     3940181
2412   	中華電       	20171102	  102.50	  103.00	  102.00	  102.00	    10331	     1057640
Y9999  	加權指數     	20171102	10797.63	10827.67	10788.51	10788.51	  5623447	   119936692
2317   	鴻海         	20171103	  113.00	  114.50	  112.50	  113.00	    34130	     3863385
2330   	台積電       	20171103	  240.50	  241.00	  238.50	  239.00	    18327	     4386122
2412   	中華電       	20171103	  102.50	  103.00	  102.00	  102.00	     5779	      591000
Y9999  	加權指數     	20171103	10797.91	10835.70	10765.31	10800.77	  5322948	   115901236
2317   	鴻海         	20171106	  114.50	  114.50	  113.00	  113.00	    22917	     2603026
2330   	台積電       	20171106	  243.50	  244.00	  239.00	  239.50	    21029	     5063670
2412   	中華電       	20171106	  102.50	  102.50	  102.00	  102.00	     5088	      520681
Y9999  	加權指數     	20171106	10856.56	10858.50	10769.19	10786.19	  5351919	   113506433
2317   	鴻海         	20171107	  114.00	  114.00	  112.00	  112.00	    30062	     3389568
2330   	台積電       	20171107	  242.00	  244.00	  241.50	  244.00	    21689	     5266500
2412   	中華電       	20171107	  102.50	  103.00	  102.00	  102.50	     6444	      660926
Y9999  	加權指數     	20171107	10820.83	10842.61	10807.89	10840.34	  6076222	   127711097
2317   	鴻海         	20171108	  112.50	  113.00	  111.00	  111.00	    25853	     2889011
2330   	台積電       	20171108	  243.00	  243.50	  242.00	  242.50	    14579	     3536455
2412   	中華電       	20171108	  102.50	  103.00	  102.00	  103.00	     4591	      471560
Y9999  	加權指數     	20171108	10839.44	10844.74	10806.01	10818.99	  5841076	   121301420
2317   	鴻海         	20171109	  111.00	  111.50	  108.50	  108.50	    41021	     4501231
2330   	台積電       	20171109	  240.50	  243.00	  240.00	  241.00	    21366	     5151628
2412   	中華電       	20171109	  102.50	  103.00	  102.50	  103.00	     8677	      891061
Y9999  	加權指數     	20171109	10802.95	10831.38	10721.87	10743.27	  6796045	   148810975
2317   	鴻海         	20171110	  106.50	  108.00	  106.00	  107.50	    51985	     5555682
2330   	台積電       	20171110	  240.00	  242.00	  239.50	  240.50	    15061	     3629826
2412   	中華電       	20171110	  102.50	  103.50	  102.00	  103.50	     9505	      976888
Y9999  	加權指數     	20171110	10713.67	10742.61	10659.29	10732.67	  5788395	   120387676
2317   	鴻海         	20171113	  107.50	  108.00	  106.50	  107.00	    24375	     2612825
2330   	台積電       	20171113	  240.00	  241.50	  239.50	  239.50	    12087	     2904559
2412   	中華電       	20171113	  103.00	  103.50	  102.50	  102.50	    11160	     1147424
Y9999  	加權指數     	20171113	10728.22	10749.39	10683.92	10683.92	  6384150	   129786130
2317   	鴻海         	20171114	  108.00	  108.00	  106.00	  106.00	    27612	     2940395
2330   	台積電       	20171114	  241.00	  241.00	  239.00	  240.00	    17229	     4132433
2412   	中華電       	20171114	  102.50	  103.00	  102.50	  103.00	     7423	      762652
Y9999  	加權指數     	20171114	10716.59	10735.08	10654.58	10687.18	  6180626	   125450282
2317   	鴻海         	20171115	  103.00	  104.50	  103.00	  103.00	   127903	    13226464
2330   	台積電       	20171115	  239.00	  239.50	  236.00	  237.50	    29720	     7063591
2412   	中華電       	20171115	  102.50	  103.00	  102.00	  102.50	    18958	     1944187
Y9999  	加權指數     	20171115	10662.08	10669.59	10600.26	10630.65	  5744455	   129463951
2317   	鴻海         	20171116	  102.50	  104.50	  102.50	  104.00	    48894	     5071354
2330   	台積電       	20171116	  238.00	  240.00	  237.50	  238.00	    17274	     4118927
2412   	中華電       	20171116	  102.50	  103.00	  102.50	  102.50	     7155	      734184
Y9999  	加權指數     	20171116	10629.16	10666.66	10609.23	10625.04	  5341731	   106258098
2317   	鴻海         	20171117	  105.50	  106.50	  105.50	  105.50	    53510	     5666574
2330   	台積電       	20171117	  240.50	  242.50	  240.50	  241.50	    18741	     4528440
2412   	中華電       	20171117	  102.50	  103.00	  102.50	  103.00	     6850	      703652
Y9999  	加權指數     	20171117	10673.43	10729.45	10673.43	10701.64	  5974753	   128443868
2317   	鴻海         	20171120	  105.50	  105.50	  104.00	  104.00	    35010	     3659590
2330   	台積電       	20171120	  241.00	  241.50	  238.00	  238.50	    19811	     4744311
2412   	中華電       	20171120	  103.00	  103.00	  102.50	  102.50	     6359	      652989
Y9999  	加權指數     	20171120	10706.79	10728.39	10656.18	10664.55	  5807282	   110548858
2317   	鴻海         	20171121	  104.50	  105.00	  104.00	  104.00	    34836	     3635115
2330   	台積電       	20171121	  240.00	  243.00	  239.50	  243.00	    22878	     5529803
2412   	中華電       	20171121	  102.50	  103.00	  102.50	  103.00	     6940	      713587
Y9999  	加權指數     	20171121	10688.22	10787.58	10687.26	10779.24	  7053601	   138856976
2317   	鴻海         	20171122	  104.00	  105.00	  104.00	  104.00	    47707	     4973975
2330   	台積電       	20171122	  244.50	  244.50	  242.00	  242.00	    27251	     6631376
2412   	中華電       	20171122	  103.00	  103.50	  102.50	  103.50	     9498	      980274
Y9999  	加權指數     	20171122	10815.40	10882.65	10801.10	10822.59	  8528991	   180091845
2317   	鴻海         	20171123	  104.00	  106.00	  104.00	  106.00	    31314	     3290078
2330   	台積電       	20171123	  242.00	  243.50	  241.50	  242.50	     9562	     2320934
2412   	中華電       	20171123	  103.50	  103.50	  103.00	  103.50	     4635	      479483
Y9999  	加權指數     	20171123	10837.61	10872.29	10809.09	10854.57	  6616309	   130565718
2317   	鴻海         	20171124	  105.00	  106.00	  104.50	  104.50	    23221	     2437422
2330   	台積電       	20171124	  242.00	  244.50	  241.50	  244.00	    11404	     2777319
2412   	中華電       	20171124	  103.50	  104.00	  103.00	  104.00	     6164	      639968
Y9999  	加權指數     	20171124	10847.79	10873.91	10833.78	10854.09	  6581726	   128775377
2317   	鴻海         	20171127	  104.50	  105.00	  103.00	  103.00	    36176	     3747390
2330   	台積電       	20171127	  240.00	  240.00	  237.00	  237.00	    32247	     7696717
2412   	中華電       	20171127	  104.00	  104.00	  103.50	  104.00	     6655	      691447
Y9999  	加權指數     	20171127	10836.82	10856.00	10746.74	10750.93	  6542165	   135371906
2317   	鴻海         	20171128	  103.00	  103.50	  102.00	  102.50	    38065	     3912811
2330   	台積電       	20171128	  234.50	  235.00	  233.00	  234.00	    47834	    11198457
2412   	中華電       	20171128	  104.00	  104.50	  103.50	  104.50	    10062	     1047185
Y9999  	加權指數     	20171128	10733.56	10752.58	10692.53	10707.07	  6703436	   142467877
2317   	鴻海         	20171129	  103.00	  103.50	  102.50	  103.00	    29979	     3083270
2330   	台積電       	20171129	  235.00	  236.00	  234.50	  234.50	    26535	     6234161
2412   	中華電       	20171129	  104.00	  104.50	  103.50	  104.50	     6365	      662240
Y9999  	加權指數     	20171129	10735.24	10762.91	10697.62	10713.55	  6677175	   135641952
2317   	鴻海         	20171130	  102.00	  102.50	  100.00	  100.00	    78888	     7954419
2330   	台積電       	20171130	  226.50	  230.50	  226.00	  226.00	   112262	    25539072
2412   	中華電       	20171130	  104.00	  104.50	  103.50	  103.50	    16869	     1751359
Y9999  	加權指數     	20171130	10623.20	10650.18	10560.44	10560.44	  8809780	   233550933
2317   	鴻海         	20171201	  100.00	  100.50	   98.00	   99.10	    81553	     8098927
2330   	台積電       	20171201	  228.50	  233.50	  227.50	  231.00	    38356	     8830392
2412   	中華電       	20171201	  104.00	  104.50	  103.50	  104.00	    10298	     1071713
Y9999  	加權指數     	20171201	10591.62	10665.92	10495.15	10600.37	  7933236	   181374846
2317   	鴻海         	20171204	   98.50	   99.30	   98.00	   99.00	    43293	     4268583
2330   	台積電       	20171204	  232.50	  234.50	  231.00	  234.00	    22939	     5347622
2412   	中華電       	20171204	  104.00	  104.00	  103.50	  104.00	     7216	      750005
Y9999  	加權指數     	20171204	10617.27	10665.43	10565.68	10651.11	  6430784	   129855154
2317   	鴻海         	20171205	   97.80	   97.90	   95.50	   95.60	    93683	     9042519
2330   	台積電       	20171205	  231.00	  231.00	  228.50	  229.50	    30189	     6938661
2412   	中華電       	20171205	  103.50	  104.00	  103.50	  104.00	    10646	     1104959
Y9999  	加權指數     	20171205	10607.62	10635.71	10540.74	10566.85	  6970138	   146624864
2317   	鴻海         	20171206	   93.50	   94.50	   93.00	   93.00	    98881	     9246060
2330   	台積電       	20171206	  228.00	  229.50	  226.50	  227.00	    34031	     7752572
2412   	中華電       	20171206	  103.50	  104.00	  103.50	  104.00	    12348	     1283306
Y9999  	加權指數     	20171206	10541.03	10541.03	10376.65	10393.92	  7215142	   161324617
2317   	鴻海         	20171207	   93.60	   94.30	   93.00	   93.60	    40330	     3777300
2330   	台積電       	20171207	  226.50	  226.50	  222.50	  226.50	    41619	     9349711
2412   	中華電       	20171207	  104.00	  104.50	  103.50	  104.50	    14712	     1534621
Y9999  	加權指數     	20171207	10404.42	10418.97	10322.76	10355.76	  6593705	   138535637
2317   	鴻海         	20171208	   93.20	   94.30	   92.50	   93.60	    45334	     4229170
2330   	台積電       	20171208	  231.00	  231.00	  224.50	  227.00	    38183	     8678808
2412   	中華電       	20171208	  104.50	  104.50	  104.00	  104.50	    10005	     1045375
Y9999  	加權指數     	20171208	10406.35	10419.28	10336.26	10398.62	  6220995	   130820598
2317   	鴻海         	20171211	   95.70	   97.30	   95.60	   96.00	    72637	     7004102
2330   	台積電       	20171211	  228.50	  229.00	  227.00	  227.50	    20649	     4706571
2412   	中華電       	20171211	  104.50	  105.00	  104.00	  104.50	     5298	      554109
Y9999  	加權指數     	20171211	10438.33	10504.67	10438.33	10473.09	  6037430	   117916623
2317   	鴻海         	20171212	   96.00	   96.00	   94.00	   94.10	    50860	     4817222
2330   	台積電       	20171212	  229.50	  229.50	  225.00	  227.50	    28188	     6399536
2412   	中華電       	20171212	  104.50	  105.00	  104.50	  104.50	     6411	      671281
Y9999  	加權指數     	20171212	10488.73	10495.24	10408.06	10443.28	  5475479	   108920588
2317   	鴻海         	20171213	   93.50	   94.10	   93.30	   93.70	    36948	     3460214
2330   	台積電       	20171213	  227.50	  228.00	  226.50	  227.00	    19619	     4454578
2412   	中華電       	20171213	  104.50	  105.00	  104.50	  104.50	     8100	      848460
Y9999  	加權指數     	20171213	10447.11	10489.17	10444.70	10470.70	  5215130	   103929164
2317   	鴻海         	20171214	   94.10	   95.50	   94.10	   94.90	    32612	     3092263
2330   	台積電       	20171214	  228.00	  230.50	  227.50	  230.50	    17263	     3956456
2412   	中華電       	20171214	  104.50	  105.00	  104.50	  105.00	    10639	     1115872
Y9999  	加權指數     	20171214	10494.60	10577.53	10494.60	10538.01	  5600785	   113661041
2317   	鴻海         	20171215	   94.50	   94.60	   93.50	   93.50	    51848	     4857630
2330   	台積電       	20171215	  228.50	  230.00	  226.50	  230.00	    42725	     9781791
2412   	中華電       	20171215	  105.00	  105.50	  105.00	  105.50	    12933	     1361646
Y9999  	加權指數     	20171215	10517.21	10520.66	10436.11	10491.44	  5727664	   126673478
2317   	鴻海         	20171218	   94.50	   94.50	   93.60	   93.60	    21578	     2028845
2330   	台積電       	20171218	  227.00	  228.00	  226.50	  227.00	    15702	     3565805
2412   	中華電       	20171218	  105.00	  105.50	  105.00	  105.00	     8051	      846625
Y9999  	加權指數     	20171218	10478.74	10526.41	10472.39	10506.52	  4588561	    96046418
2317   	鴻海         	20171219	   93.10	   93.50	   91.20	   91.20	    68473	     6315134
2330   	台積電       	20171219	  226.50	  228.50	  224.00	  225.00	    25899	     5844605
2412   	中華電       	20171219	  105.00	  105.50	  105.00	  105.00	    11777	     1238083
Y9999  	加權指數     	20171219	10508.33	10544.00	10452.08	10467.34	  5098487	   112683186
2317   	鴻海         	20171220	   90.50	   92.70	   90.50	   92.70	    40554	     3718354
2330   	台積電       	20171220	  225.00	  225.50	  223.50	  224.50	    34514	     7748610
2412   	中華電       	20171220	  105.00	  105.50	  105.00	  105.50	     6108	      643426
Y9999  	加權指數     	20171220	10470.36	10514.31	10470.36	10504.52	  5084408	   103871766
2317   	鴻海         	20171221	   93.00	   93.10	   92.30	   92.30	    20805	     1927319
2330   	台積電       	20171221	  226.50	  227.00	  224.50	  225.00	    20826	     4696105
2412   	中華電       	20171221	  105.50	  105.50	  105.00	  105.00	     6658	      701065
Y9999  	加權指數     	20171221	10526.97	10545.78	10488.97	10488.97	  5089181	    99221790
2317   	鴻海         	20171222	   92.90	   92.90	   92.40	   92.90	    17238	     1599175
2330   	台積電       	20171222	  225.00	  227.50	  224.00	  227.50	    19106	     4315809
2412   	中華電       	20171222	  105.50	  105.50	  105.00	  105.50	     4061	      428097
Y9999  	加權指數     	20171222	10503.10	10537.27	10486.52	10537.27	  4591388	    91994484
2317   	鴻海         	20171225	   93.00	   93.20	   92.10	   92.10	    12571	     1164228
2330   	台積電       	20171225	  228.00	  229.50	  226.50	  228.50	     4579	     1045118
2412   	中華電       	20171225	  105.50	  106.00	  105.00	  106.00	     3648	      385373
Y9999  	加權指數     	20171225	10546.64	10556.65	10514.54	10522.49	  4356973	    81617030
2317   	鴻海         	20171226	   92.00	   92.10	   90.50	   91.20	    26648	     2428142
2330   	台積電       	20171226	  229.00	  229.00	  225.00	  226.00	    13755	     3118538
2412   	中華電       	20171226	  105.50	  106.00	  105.50	  105.50	     2440	      258149
Y9999  	加權指數     	20171226	10526.14	10528.92	10408.12	10421.91	  5063760	    97562886
2317   	鴻海         	20171227	   91.70	   92.20	   91.50	   92.20	    21235	     1951241
2330   	台積電       	20171227	  225.00	  226.00	  225.00	  225.00	    12515	     2820168
2412   	中華電       	20171227	  106.00	  106.50	  105.50	  106.00	     6270	      664785
Y9999  	加權指數     	20171227	10419.81	10497.77	10419.81	10486.67	  4919533	    92597567
2317   	鴻海         	20171228	   93.20	   94.70	   92.90	   94.30	    40309	     3790829
2330   	台積電       	20171228	  226.50	  228.00	  225.00	  226.00	    24370	     5521736
2412   	中華電       	20171228	  106.00	  106.50	  105.00	  105.50	    10589	     1119841
Y9999  	加權指數     	20171228	10513.29	10592.04	10513.29	10567.64	  5457228	   110344378
2317   	鴻海         	20171229	   94.70	   95.30	   94.60	   95.20	    37907	     3600566
2330   	台積電       	20171229	  227.50	  230.00	  226.50	  229.50	    25610	     5861624
2412   	中華電       	20171229	  105.50	  106.00	  105.50	  106.00	     6823	      721673
Y9999  	加權指數     	20171229	10590.95	10659.98	10590.95	10642.86	  5349314	   109938213
2317   	鴻海         	20180102	   95.40	   95.70	   94.30	   95.00	    28602	     2717808
2330   	台積電       	20180102	  231.50	  232.50	  231.00	  232.50	    18055	     4188555
2412   	中華電       	20180102	  106.00	  108.00	  105.50	  107.50	    11863	     1268753
Y9999  	加權指數     	20180102	10664.82	10710.73	10650.77	10710.73	  5393557	   104485978
2317   	鴻海         	20180103	   95.00	   95.30	   94.00	   94.00	    58507	     5524486
2330   	台積電       	20180103	  236.00	  238.00	  235.50	  237.00	    31706	     7504382
2412   	中華電       	20180103	  107.50	  108.00	  107.00	  108.00	    12032	     1294010
Y9999  	加權指數     	20180103	10759.61	10813.16	10759.61	10801.57	  6544990	   141723704
2317   	鴻海         	20180104	   93.60	   93.90	   92.50	   92.60	    53756	     4991911
2330   	台積電       	20180104	  240.00	  240.00	  236.50	  239.50	    29179	     6963192
2412   	中華電       	20180104	  108.00	  108.00	  107.50	  108.00	    11011	     1186683
Y9999  	加權指數     	20180104	10834.58	10853.46	10794.25	10848.63	  6740175	   143686958
2317   	鴻海         	20180105	   92.30	   93.00	   91.60	   93.00	    59252	     5464513
2330   	台積電       	20180105	  240.00	  240.00	  238.00	  240.00	    23721	     5681934
2412   	中華電       	20180105	  108.00	  108.50	  107.50	  108.50	    16499	     1785013
Y9999  	加權指數     	20180105	10856.92	10879.80	10815.68	10879.80	  6715972	   144004915
2317   	鴻海         	20180108	   92.30	   92.60	   91.70	   91.80	    50081	     4603246
2330   	台積電       	20180108	  242.00	  242.50	  240.50	  242.00	    21846	     5281823
2412   	中華電       	20180108	  108.50	  109.00	  108.00	  108.50	     9758	     1059531
Y9999  	加權指數     	20180108	10899.09	10918.47	10869.12	10915.75	  6747313	   139301785
2317   	鴻海         	20180109	   92.50	   92.60	   91.80	   91.80	    37896	     3486758
2330   	台積電       	20180109	  242.00	  242.00	  239.50	  242.00	    19043	     4588314
2412   	中華電       	20180109	  108.50	  109.00	  108.00	  109.00	    11523	     1252108
Y9999  	加權指數     	20180109	10922.35	10931.00	10860.77	10914.89	  6453410	   133211413
2317   	鴻海         	20180110	   91.20	   91.50	   90.60	   90.80	    56026	     5095360
2330   	台積電       	20180110	  241.50	  242.00	  236.00	  236.50	    25716	     6118683
2412   	中華電       	20180110	  109.00	  109.50	  108.50	  108.50	    17393	     1895381
Y9999  	加權指數     	20180110	10915.32	10934.75	10819.25	10831.09	  6815293	   139187895
2317   	鴻海         	20180111	   91.20	   92.50	   90.90	   91.40	    66709	     6098320
2330   	台積電       	20180111	  235.00	  236.00	  232.50	  235.00	    32070	     7500674
2412   	中華電       	20180111	  108.50	  109.00	  108.00	  108.50	     7685	      833637
Y9999  	加權指數     	20180111	10824.54	10844.08	10770.10	10810.06	  5956643	   124656557
2317   	鴻海         	20180112	   91.60	   92.40	   91.50	   91.80	    48985	     4502608
2330   	台積電       	20180112	  234.50	  238.00	  233.50	  237.00	    23141	     5463302
2412   	中華電       	20180112	  108.50	  109.00	  108.00	  108.50	     8159	      886437
Y9999  	加權指數     	20180112	10818.24	10899.98	10818.24	10883.96	  6419338	   128002316
2317   	鴻海         	20180115	   92.70	   93.30	   92.40	   93.30	    42031	     3907221
2330   	台積電       	20180115	  240.00	  240.00	  238.00	  240.00	    28576	     6832851
2412   	中華電       	20180115	  108.50	  109.00	  108.50	  109.00	     5295	      576290
Y9999  	加權指數     	20180115	10932.37	10962.55	10911.89	10956.31	  6273636	   127032486
2317   	鴻海         	20180116	   93.60	   93.70	   93.00	   93.40	    40639	     3794403
2330   	台積電       	20180116	  240.00	  240.50	  238.00	  240.50	    23407	     5609009
2412   	中華電       	20180116	  109.00	  109.00	  108.50	  109.00	     9900	     1077891
Y9999  	加權指數     	20180116	10955.81	10986.11	10920.50	10986.11	  6569860	   132985393
2317   	鴻海         	20180117	   92.80	   93.50	   92.60	   93.40	    37263	     3468798
2330   	台積電       	20180117	  240.50	  243.00	  239.00	  242.00	    38118	     9207582
2412   	中華電       	20180117	  108.50	  109.00	  108.50	  109.00	     7829	      852106
Y9999  	加權指數     	20180117	10976.13	11030.22	10942.95	11004.80	  7468213	   148599645
2317   	鴻海         	20180118	   94.10	   94.80	   93.80	   93.80	    56382	     5319182
2330   	台積電       	20180118	  245.00	  250.00	  245.00	  248.50	    50119	    12406562
2412   	中華電       	20180118	  109.00	  109.00	  107.50	  107.50	     9007	      974723
Y9999  	加權指數     	20180118	11048.06	11122.82	11048.06	11071.57	  7149380	   152080528
2317   	鴻海         	20180119	   94.00	   96.90	   94.00	   96.90	   101433	     9732794
2330   	台積電       	20180119	  253.50	  255.50	  251.50	  255.50	    55061	    13975174
2412   	中華電       	20180119	  108.00	  109.00	  107.50	  109.00	     6157	      667003
Y9999  	加權指數     	20180119	11123.58	11150.85	11095.85	11150.85	  6276312	   137049962
2317   	鴻海         	20180122	   97.20	   97.40	   96.10	   96.60	    61170	     5923959
2330   	台積電       	20180122	  257.50	  262.00	  257.00	  261.50	    45907	    11934882
2412   	中華電       	20180122	  108.50	  109.00	  108.00	  108.50	     6607	      718231
Y9999  	加權指數     	20180122	11169.79	11231.46	11142.38	11231.46	  7242725	   150580321
2317   	鴻海         	20180123	   96.00	   96.90	   95.50	   96.90	    50229	     4827590
2330   	台積電       	20180123	  262.50	  266.00	  262.50	  266.00	    34606	     9155080
2412   	中華電       	20180123	  108.50	  109.50	  108.50	  109.00	    12165	     1325306
Y9999  	加權指數     	20180123	11243.49	11270.18	11201.52	11253.11	  7873977	   164930930
2317   	鴻海         	20180124	   96.80	   96.80	   95.80	   95.90	    42324	     4066850
2330   	台積電       	20180124	  263.00	  263.00	  256.50	  258.00	    42600	    11022372
2412   	中華電       	20180124	  109.50	  109.50	  108.50	  108.50	     6745	      734229
Y9999  	加權指數     	20180124	11228.71	11228.71	11107.32	11152.16	  7272231	   148083916
2317   	鴻海         	20180125	   95.20	   96.50	   95.20	   95.40	    56900	     5450068
2330   	台積電       	20180125	  258.00	  264.00	  256.50	  258.00	    46214	    11981089
2412   	中華電       	20180125	  108.50	  109.00	  108.50	  108.50	     7078	      769397
Y9999  	加權指數     	20180125	11154.36	11268.61	11131.85	11165.95	  7802501	   163780823
2317   	鴻海         	20180126	   95.20	   96.10	   95.00	   95.40	    45822	     4377351
2330   	台積電       	20180126	  256.50	  257.50	  253.50	  255.00	    43514	    11101977
2412   	中華電       	20180126	  108.50	  109.00	  108.50	  108.50	     8301	      902868
Y9999  	加權指數     	20180126	11152.53	11178.30	11089.48	11147.10	  6638578	   138815076
2317   	鴻海         	20180129	   95.40	   95.70	   94.50	   94.70	    46205	     4384712
2330   	台積電       	20180129	  259.00	  261.50	  255.00	  258.50	    31306	     8067780
2412   	中華電       	20180129	  109.00	  109.50	  108.50	  109.50	     7228	      789062
Y9999  	加權指數     	20180129	11202.27	11246.18	11161.83	11221.81	  6316563	   132365985
2317   	鴻海         	20180130	   94.20	   94.90	   93.60	   93.60	    38358	     3607754
2330   	台積電       	20180130	  256.00	  257.50	  252.50	  253.00	    37410	     9523980
2412   	中華電       	20180130	  109.00	  109.50	  108.00	  108.00	    13582	     1475797
Y9999  	加權指數     	20180130	11189.57	11189.57	11076.78	11076.78	  6737209	   139209942
2317   	鴻海         	20180131	   92.10	   93.00	   92.10	   92.20	    56868	     5261949
2330   	台積電       	20180131	  253.00	  257.50	  252.00	  255.00	    45807	    11670582
2412   	中華電       	20180131	  108.00	  109.00	  108.00	  108.50	     6960	      756549
Y9999  	加權指數     	20180131	11054.36	11158.29	11007.89	11103.79	  6625691	   135776167
2317   	鴻海         	20180201	   92.60	   94.80	   92.60	   93.50	    40795	     3825133
2330   	台積電       	20180201	  257.50	  261.00	  257.00	  259.50	    30900	     8022694
2412   	中華電       	20180201	  109.00	  110.00	  109.00	  109.00	    10449	     1142837
Y9999  	加權指數     	20180201	11139.40	11212.10	11139.40	11160.25	  6159445	   122834128
2317   	鴻海         	20180202	   93.80	   95.40	   93.70	   95.20	    47972	     4542738
2330   	台積電       	20180202	  259.00	  260.00	  255.00	  259.50	    25707	     6633344
2412   	中華電       	20180202	  109.50	  109.50	  109.00	  109.00	    10658	     1164544
Y9999  	加權指數     	20180202	11151.65	11153.32	11070.43	11126.23	  5567454	   121022800
2317   	鴻海         	20180205	   92.50	   93.50	   92.50	   92.80	    61248	     5692109
2330   	台積電       	20180205	  251.00	  254.50	  250.50	  253.00	    46554	    11742299
2412   	中華電       	20180205	  108.00	  109.00	  108.00	  108.00	    11528	     1251398
Y9999  	加權指數     	20180205	10970.30	10970.30	10855.43	10946.25	  6014356	   130163584
2317   	鴻海         	20180206	   90.60	   91.20	   88.10	   89.20	   143785	    12905089
2330   	台積電       	20180206	  242.50	  243.50	  234.00	  239.00	   104448	    24944565
2412   	中華電       	20180206	  107.00	  107.50	  105.00	  106.50	    18681	     1986637
Y9999  	加權指數     	20180206	10761.01	10761.01	10300.40	10404.00	 10480219	   242496529
2317   	鴻海         	20180207	   91.30	   91.30	   90.00	   90.00	    72117	     6523943
2330   	台積電       	20180207	  245.00	  245.50	  239.50	  240.00	    82299	    19903032
2412   	中華電       	20180207	  107.00	  108.00	  107.00	  107.50	    10803	     1162376
Y9999  	加權指數     	20180207	10547.64	10697.82	10547.64	10551.54	  7521254	   175737274
2317   	鴻海         	20180208	   90.00	   90.40	   89.00	   89.00	    40492	     3623003
2330   	台積電       	20180208	  239.50	  242.00	  238.00	  238.50	    31192	     7468970
2412   	中華電       	20180208	  107.50	  108.00	  107.50	  108.00	     6896	      743630
Y9999  	加權指數     	20180208	10559.44	10609.50	10512.93	10528.52	  6101573	   121754444
2317   	鴻海         	20180209	   86.10	   88.00	   86.10	   87.50	    67539	     5875929
2330   	台積電       	20180209	  230.00	  233.00	  228.50	  232.50	    65939	    15227192
2412   	中華電       	20180209	  106.00	  107.50	  106.00	  107.50	    12728	     1358289
Y9999  	加權指數     	20180209	10371.01	10392.31	10189.04	10371.75	  6421173	   151991264
2317   	鴻海         	20180212	   87.70	   88.60	   87.60	   87.60	    63847	     5609624
2330   	台積電       	20180212	  235.50	  237.50	  235.00	  236.50	    42917	    10113012
2412   	中華電       	20180212	  107.00	  107.50	  106.50	  106.50	    11006	     1179076
Y9999  	加權指數     	20180212	10429.09	10473.51	10416.01	10421.09	  4309653	   110415124
2317   	鴻海         	20180221	   88.20	   89.00	   88.20	   88.20	    61995	     5482551
2330   	台積電       	20180221	  244.50	  244.50	  242.00	  242.50	    76396	    18582475
2412   	中華電       	20180221	  108.00	  109.00	  107.50	  109.00	    10213	     1106719
Y9999  	加權指數     	20180221	10559.79	10720.48	10559.79	10714.44	  6062820	   155037933
2317   	鴻海         	20180222	   87.80	   88.40	   87.60	   87.90	    45588	     4004702
2330   	台積電       	20180222	  244.00	  244.00	  239.00	  239.50	    45492	    10977665
2412   	中華電       	20180222	  108.50	  109.00	  108.00	  108.50	     8626	      937136
Y9999  	加權指數     	20180222	10698.47	10698.47	10620.80	10662.38	  6153849	   128207701
2317   	鴻海         	20180223	   88.10	   89.70	   88.10	   88.90	    53746	     4772559
2330   	台積電       	20180223	  241.00	  245.00	  241.00	  245.00	    26985	     6578657
2412   	中華電       	20180223	  108.50	  109.50	  108.50	  109.50	    10321	     1127152
Y9999  	加權指數     	20180223	10688.97	10799.29	10688.97	10794.55	  6362066	   127871324
2317   	鴻海         	20180226	   89.00	   89.80	   88.80	   88.80	    41008	     3657402
2330   	台積電       	20180226	  247.00	  247.50	  245.00	  246.50	    36165	     8910352
2412   	中華電       	20180226	  109.50	  110.00	  109.50	  110.00	     7916	      869858
Y9999  	加權指數     	20180226	10827.98	10890.69	10827.98	10836.70	  6063669	   122253496
2317   	鴻海         	20180227	   89.50	   89.70	   88.10	   88.10	    41590	     3692299
2330   	台積電       	20180227	  250.50	  250.50	  246.00	  246.00	    44699	    11061945
2412   	中華電       	20180227	  110.00	  110.00	  109.50	  109.50	    10031	     1100891
Y9999  	加權指數     	20180227	10896.16	10937.90	10815.47	10815.47	  6624161	   139740113
2317   	鴻海         	20180301	   87.80	   88.30	   87.50	   87.90	    42073	     3698227
2330   	台積電       	20180301	  244.00	  245.00	  242.00	  243.00	    43847	    10669194
2412   	中華電       	20180301	  108.50	  109.50	  108.50	  108.50	     9165	      998447
Y9999  	加權指數     	20180301	10779.10	10805.55	10709.69	10785.79	  6409193	   131952100
2317   	鴻海         	20180302	   87.20	   87.80	   87.00	   87.80	    28180	     2461227
2330   	台積電       	20180302	  240.00	  241.00	  238.50	  240.00	    35289	     8453712
2412   	中華電       	20180302	  108.00	  108.50	  108.00	  108.00	     6727	      728054
Y9999  	加權指數     	20180302	10719.29	10719.29	10638.98	10698.17	  5540635	   111337800
2317   	鴻海         	20180305	   87.70	   88.10	   87.00	   87.00	    31341	     2738562
2330   	台積電       	20180305	  242.50	  243.00	  240.50	  241.50	    27337	     6607367
2412   	中華電       	20180305	  108.00	  108.50	  108.00	  108.00	     6713	      726394
Y9999  	加權指數     	20180305	10727.45	10756.37	10642.90	10642.90	  5336510	   113690333
2317   	鴻海         	20180306	   88.30	   88.80	   87.80	   88.20	    35392	     3124639
2330   	台積電       	20180306	  245.50	  250.00	  245.50	  250.00	    36945	     9155812
2412   	中華電       	20180306	  109.00	  109.50	  108.50	  109.50	     7726	      842043
Y9999  	加權指數     	20180306	10711.15	10784.34	10711.15	10784.34	  5085558	   112678730
2317   	鴻海         	20180307	   88.60	   90.10	   88.30	   88.50	    44181	     3940688
2330   	台積電       	20180307	  248.00	  248.50	  246.00	  247.00	    30391	     7525601
2412   	中華電       	20180307	  109.00	  110.00	  109.00	  109.50	     7485	      820520
Y9999  	加權指數     	20180307	10762.99	10818.05	10745.32	10745.32	  5642178	   123353694
2317   	鴻海         	20180308	   89.40	   89.90	   88.60	   89.40	    33448	     2990943
2330   	台積電       	20180308	  249.50	  251.50	  249.00	  249.50	    20645	     5172732
2412   	中華電       	20180308	  109.50	  109.50	  109.00	  109.50	     4364	      477570
Y9999  	加權指數     	20180308	10788.43	10852.33	10788.43	10823.24	  6378116	   121435965
2317   	鴻海         	20180309	   91.00	   92.30	   90.30	   91.90	    87372	     8001130
2330   	台積電       	20180309	  250.00	  251.00	  248.50	  250.50	    22887	     5723277
2412   	中華電       	20180309	  109.50	  109.50	  108.50	  109.50	     5798	      633194
Y9999  	加權指數     	20180309	10847.74	10882.76	10845.38	10864.82	  6282166	   125066858
2317   	鴻海         	20180312	   93.90	   94.50	   93.20	   94.30	    88739	     8336163
2330   	台積電       	20180312	  252.00	  255.00	  251.50	  254.00	    25100	     6370529
2412   	中華電       	20180312	  109.00	  109.50	  108.50	  109.00	     8034	      875213
Y9999  	加權指數     	20180312	10908.99	11016.56	10908.99	11002.10	  6991178	   141140409
2317   	鴻海         	20180313	   95.00	   96.50	   94.80	   95.20	    86118	     8235473
2330   	台積電       	20180313	  255.50	  259.00	  255.00	  259.00	    34264	     8816553
2412   	中華電       	20180313	  109.00	  109.00	  108.50	  109.00	     9633	     1048007
Y9999  	加權指數     	20180313	11022.15	11095.63	11014.87	11095.63	  6549500	   134213112
2317   	鴻海         	20180314	   94.10	   94.40	   93.30	   93.30	    49836	     4670636
2330   	台積電       	20180314	  256.50	  257.50	  255.50	  257.00	    24254	     6220805
2412   	中華電       	20180314	  109.00	  109.50	  108.50	  109.00	     5494	      599367
Y9999  	加權指數     	20180314	11063.73	11070.29	11015.47	11038.80	  5974563	   120081381
2317   	鴻海         	20180315	   92.80	   94.70	   92.30	   93.40	    41628	     3886535
2330   	台積電       	20180315	  258.00	  258.00	  255.00	  255.00	    19396	     4965546
2412   	中華電       	20180315	  109.00	  109.50	  108.50	  109.00	     7393	      806279
Y9999  	加權指數     	20180315	11039.60	11052.11	11008.18	11018.45	  5841194	   112950142
2317   	鴻海         	20180316	   94.10	   94.10	   92.80	   92.80	    71628	     6668268
2330   	台積電       	20180316	  253.00	  256.00	  249.50	  255.00	    62989	    15930805
2412   	中華電       	20180316	  109.00	  110.00	  108.50	  110.00	    16766	     1837123
Y9999  	加權指數     	20180316	11010.24	11054.86	10933.46	11027.70	  6617225	   168157244
2317   	鴻海         	20180319	   92.60	   93.50	   92.40	   92.90	    29752	     2763669
2330   	台積電       	20180319	  252.50	  255.50	  251.00	  255.00	    22440	     5679567
2412   	中華電       	20180319	  109.50	  110.00	  109.00	  110.00	     8102	      889746
Y9999  	加權指數     	20180319	11004.81	11066.00	10983.25	11046.90	  5611915	   112041452
2317   	鴻海         	20180320	   92.70	   92.90	   92.40	   92.60	    27906	     2584515
2330   	台積電       	20180320	  253.00	  254.00	  251.50	  253.00	    22335	     5640426
2412   	中華電       	20180320	  109.50	  110.00	  109.00	  109.50	     8287	      909467
Y9999  	加權指數     	20180320	11016.85	11020.78	10981.04	11010.84	  5751472	   111608927
2317   	鴻海         	20180321	   92.20	   92.90	   92.20	   92.40	    28202	     2608174
2330   	台積電       	20180321	  255.00	  255.00	  251.00	  252.50	    32977	     8325162
2412   	中華電       	20180321	  109.50	  110.50	  109.50	  110.50	    13595	     1496426
Y9999  	加權指數     	20180321	11037.35	11072.31	11011.07	11011.07	  6342379	   132782995
2317   	鴻海         	20180322	   93.00	   93.40	   92.40	   92.80	    25353	     2354104
2330   	台積電       	20180322	  254.50	  254.50	  249.50	  251.50	    27000	     6797045
2412   	中華電       	20180322	  110.50	  111.50	  110.50	  111.50	    12039	     1335409
Y9999  	加權指數     	20180322	11045.90	11120.20	10975.33	11005.84	  7131905	   149800516
2317   	鴻海         	20180323	   91.00	   91.60	   90.40	   90.40	    58645	     5331385
2330   	台積電       	20180323	  245.00	  247.00	  244.00	  245.00	    52974	    12994667
2412   	中華電       	20180323	  110.50	  111.00	  110.00	  110.00	     8283	      914138
Y9999  	加權指數     	20180323	10863.67	10863.67	10758.06	10823.33	  6868559	   149767336
2317   	鴻海         	20180326	   89.70	   90.30	   89.70	   90.20	    32305	     2905271
2330   	台積電       	20180326	  241.50	  244.50	  241.50	  243.50	    39487	     9582954
2412   	中華電       	20180326	  110.00	  111.00	  109.50	  111.00	     5376	      593098
Y9999  	加權指數     	20180326	10783.57	10840.05	10781.43	10840.05	  5643019	   120769811
2317   	鴻海         	20180327	   91.00	   91.50	   90.70	   91.20	    30083	     2740851
2330   	台積電       	20180327	  248.00	  251.00	  247.00	  251.00	    31100	     7732298
2412   	中華電       	20180327	  111.00	  112.00	  111.00	  112.00	     8885	      993250
Y9999  	加權指數     	20180327	10901.69	10986.79	10901.69	10986.79	  6348820	   131333756
2317   	鴻海         	20180328	   90.90	   90.90	   90.10	   90.10	    23082	     2088647
2330   	台積電       	20180328	  247.50	  248.00	  244.00	  245.00	    29924	     7349468
2412   	中華電       	20180328	  112.00	  112.50	  111.50	  112.50	     9073	     1018894
Y9999  	加權指數     	20180328	10939.97	10939.97	10853.48	10865.66	  5690925	   117816773
2317   	鴻海         	20180329	   90.00	   90.60	   89.70	   90.00	    30403	     2739496
2330   	台積電       	20180329	  243.00	  247.00	  242.50	  244.00	    36427	     8888435
2412   	中華電       	20180329	  112.50	  112.50	  111.50	  111.50	     7288	      817400
Y9999  	加權指數     	20180329	10855.66	10889.60	10815.46	10845.92	  5468779	   117736719
2317   	鴻海         	20180330	   90.90	   92.30	   90.90	   91.40	    34489	     3160650
2330   	台積電       	20180330	  247.50	  249.50	  246.00	  246.00	    16996	     4212690
2412   	中華電       	20180330	  112.50	  113.00	  112.00	  113.00	    11511	     1298274
Y9999  	加權指數     	20180330	10905.30	10969.22	10905.30	10906.22	  5834021	   115009982
2317   	鴻海         	20180331	   90.10	   90.50	   88.00	   88.50	   136508	    12140468
2330   	台積電       	20180331	  247.50	  249.00	  246.50	  247.50	     3603	      893664
2412   	中華電       	20180331	  113.00	  113.00	  112.50	  113.00	     3738	      421524
Y9999  	加權指數     	20180331	10925.71	10947.16	10905.69	10919.49	  4423640	    76778668
2317   	鴻海         	20180402	   88.50	   89.40	   87.50	   88.10	    54717	     4835468
2330   	台積電       	20180402	  248.50	  249.00	  245.00	  246.50	    19029	     4702581
2412   	中華電       	20180402	  112.50	  113.50	  112.00	  112.50	     9427	     1063387
Y9999  	加權指數     	20180402	10936.26	10969.88	10882.05	10888.27	  5336474	   103301333
2317   	鴻海         	20180403	   87.10	   87.50	   86.90	   87.20	    59828	     5215608
2330   	台積電       	20180403	  243.00	  244.50	  242.00	  244.00	    35813	     8710200
2412   	中華電       	20180403	  112.00	  112.50	  111.50	  112.00	     9326	     1045191
Y9999  	加權指數     	20180403	10837.54	10837.54	10775.45	10821.53	  5301492	   117219886
2317   	鴻海         	20180409	   86.60	   88.00	   86.50	   87.40	    57130	     4977483
2330   	台積電       	20180409	  248.00	  248.00	  243.50	  245.00	    35465	     8716801
2412   	中華電       	20180409	  112.50	  114.00	  112.00	  114.00	    10724	     1208624
Y9999  	加權指數     	20180409	10880.14	10904.75	10829.02	10893.53	  5779699	   132385651
2317   	鴻海         	20180410	   86.80	   87.50	   86.80	   87.00	    35830	     3121816
2330   	台積電       	20180410	  244.50	  249.00	  243.50	  245.50	    25268	     6231896
2412   	中華電       	20180410	  113.50	  114.50	  113.50	  114.50	     9955	     1132894
Y9999  	加權指數     	20180410	10885.64	10975.67	10874.83	10927.18	  6989937	   144177716
2317   	鴻海         	20180411	   87.70	   88.90	   87.30	   87.30	    40026	     3516992
2330   	台積電       	20180411	  246.50	  248.50	  246.50	  248.00	    21777	     5391978
2412   	中華電       	20180411	  114.50	  115.00	  113.50	  114.00	    10727	     1225040
Y9999  	加權指數     	20180411	10961.70	11016.35	10953.31	10974.02	  6297419	   130018447
2317   	鴻海         	20180412	   87.10	   87.50	   86.80	   86.80	    39294	     3419821
2330   	台積電       	20180412	  248.50	  248.50	  244.00	  245.00	    20476	     5028226
2412   	中華電       	20180412	  114.00	  115.00	  113.00	  114.00	     8704	      992927
Y9999  	加權指數     	20180412	10984.12	11008.20	10920.62	10955.29	  5611874	   110833659
2317   	鴻海         	20180413	   87.00	   87.30	   86.90	   87.00	    26216	     2282486
2330   	台積電       	20180413	  246.00	  246.00	  244.00	  244.50	    19946	     4885963
2412   	中華電       	20180413	  113.50	  114.00	  112.50	  113.50	     6502	      736499
Y9999  	加權指數     	20180413	10975.58	10988.23	10938.37	10965.39	  6238785	   125811095
2317   	鴻海         	20180416	   87.10	   88.00	   86.80	   87.60	    25624	     2238279
2330   	台積電       	20180416	  243.00	  244.00	  242.00	  243.50	    21608	     5251556
2412   	中華電       	20180416	  113.00	  113.50	  112.50	  113.00	     4645	      524718
Y9999  	加權指數     	20180416	10962.36	10974.94	10921.17	10954.55	  6409388	   127095002
2317   	鴻海         	20180417	   87.20	   87.30	   86.50	   86.50	    42604	     3696248
2330   	台積電       	20180417	  243.00	  243.50	  237.50	  238.00	    42756	    10232256
2412   	中華電       	20180417	  113.00	  113.50	  112.50	  113.50	     6203	      701359
Y9999  	加權指數     	20180417	10953.51	10965.20	10799.07	10810.45	  6616520	   153987086
2317   	鴻海         	20180418	   86.60	   87.00	   84.80	   84.80	    74089	     6329366
2330   	台積電       	20180418	  239.50	  241.50	  236.50	  238.00	    44768	    10668587
2412   	中華電       	20180418	  113.50	  114.50	  113.50	  114.50	     4714	      537857
Y9999  	加權指數     	20180418	10842.88	10917.60	10809.89	10847.89	  6543380	   148687299
2317   	鴻海         	20180419	   84.00	   85.60	   82.90	   85.00	    69794	     5878505
2330   	台積電       	20180419	  242.00	  244.50	  241.00	  244.50	    33230	     8081404
2412   	中華電       	20180419	  114.00	  114.50	  113.50	  114.00	     6097	      695840
Y9999  	加權指數     	20180419	10891.66	10983.96	10889.71	10971.22	  7111365	   155729651
2317   	鴻海         	20180420	   83.80	   84.40	   83.50	   84.00	    31409	     2637811
2330   	台積電       	20180420	  228.00	  231.50	  228.00	  229.00	   129890	    29837344
2412   	中華電       	20180420	  114.00	  114.50	  113.50	  113.50	     4520	      514718
Y9999  	加權指數     	20180420	10802.42	10831.56	10770.05	10779.38	  6806918	   158059140
2317   	鴻海         	20180423	   83.60	   83.90	   83.00	   83.00	    45407	     3778169
2330   	台積電       	20180423	  226.50	  227.50	  225.00	  226.50	    71901	    16282275
2412   	中華電       	20180423	  113.00	  113.50	  112.50	  112.50	     7554	      852150
Y9999  	加權指數     	20180423	10756.89	10774.73	10687.25	10697.13	  6051313	   137009845
2317   	鴻海         	20180424	   82.30	   82.40	   80.40	   80.60	    71954	     5840550
2330   	台積電       	20180424	  225.00	  227.50	  225.00	  227.00	    45206	    10233860
2412   	中華電       	20180424	  112.50	  112.50	  111.00	  111.00	    10693	     1192221
Y9999  	加權指數     	20180424	10680.38	10692.19	10540.15	10579.50	  6782959	   160373738
2317   	鴻海         	20180425	   79.90	   80.60	   79.50	   80.40	    50379	     4033772
2330   	台積電       	20180425	  225.50	  226.00	  224.00	  225.00	    48975	    11032111
2412   	中華電       	20180425	  111.00	  111.00	  110.00	  110.50	    14312	     1577683
Y9999  	加權指數     	20180425	10541.83	10573.73	10489.20	10559.97	  6351251	   136776817
2317   	鴻海         	20180426	   81.50	   82.00	   80.50	   80.60	    38295	     3103084
2330   	台積電       	20180426	  225.00	  225.50	  221.00	  222.00	    48176	    10766085
2412   	中華電       	20180426	  110.50	  112.00	  110.50	  111.50	     9068	     1010720
Y9999  	加權指數     	20180426	10583.08	10618.68	10478.98	10488.58	  6642525	   141386508
2317   	鴻海         	20180427	   81.40	   81.50	   80.80	   81.50	    27812	     2256543
2330   	台積電       	20180427	  225.00	  225.50	  221.00	  223.50	    34443	     7679131
2412   	中華電       	20180427	  112.50	  113.00	  112.00	  113.00	     4527	      510571
Y9999  	加權指數     	20180427	10546.29	10573.61	10495.67	10553.43	  5884380	   120026035
2317   	鴻海         	20180430	   82.20	   83.00	   81.50	   82.90	    29947	     2472563
2330   	台積電       	20180430	  224.50	  228.00	  222.50	  227.00	    28500	     6448117
2412   	中華電       	20180430	  113.00	  113.00	  112.50	  113.00	     5608	      632713
Y9999  	加權指數     	20180430	10553.41	10660.61	10539.63	10657.88	  6128822	   119038565
2317   	鴻海         	20180502	   83.30	   83.60	   81.70	   81.80	    37067	     3061708
2330   	台積電       	20180502	  227.00	  227.50	  222.50	  223.00	    38436	     8633492
2412   	中華電       	20180502	  112.50	  113.00	  112.00	  112.00	     7936	      891205
Y9999  	加權指數     	20180502	10665.52	10683.90	10601.10	10618.81	  6324416	   129078743
2317   	鴻海         	20180503	   80.30	   80.80	   80.10	   80.10	    50884	     4091084
2330   	台積電       	20180503	  221.00	  222.50	  220.00	  220.50	    33507	     7399813
2412   	中華電       	20180503	  112.00	  112.00	  111.50	  111.50	     6330	      707255
Y9999  	加權指數     	20180503	10578.98	10578.98	10509.03	10514.18	  5841156	   124397511
2317   	鴻海         	20180504	   80.10	   80.90	   80.10	   80.40	    25106	     2021661
2330   	台積電       	20180504	  221.00	  224.00	  220.50	  223.00	    28477	     6330594
2412   	中華電       	20180504	  111.00	  112.00	  111.00	  111.50	     4109	      459137
Y9999  	加權指數     	20180504	10516.45	10566.37	10500.97	10529.37	  5653857	   120828141
2317   	鴻海         	20180507	   81.50	   82.00	   80.60	   81.60	    26861	     2185074
2330   	台積電       	20180507	  225.00	  225.50	  221.50	  223.50	    23751	     5309421
2412   	中華電       	20180507	  112.00	  112.50	  111.50	  112.00	     4919	      549783
Y9999  	加權指數     	20180507	10581.78	10632.62	10555.56	10604.91	  6108995	   126046786
2317   	鴻海         	20180508	   81.30	   82.60	   81.30	   82.60	    28772	     2360714
2330   	台積電       	20180508	  224.00	  228.50	  223.50	  228.00	    40324	     9146327
2412   	中華電       	20180508	  111.50	  112.00	  111.00	  112.00	     7608	      849182
Y9999  	加權指數     	20180508	10610.44	10691.38	10609.04	10691.38	  7064737	   133691609
2317   	鴻海         	20180509	   81.80	   83.10	   81.80	   81.80	    31879	     2618012
2330   	台積電       	20180509	  228.50	  232.00	  228.50	  229.50	    35597	     8188991
2412   	中華電       	20180509	  111.50	  111.50	  110.00	  110.00	     9308	     1033404
Y9999  	加權指數     	20180509	10692.89	10748.60	10689.81	10703.35	  7074991	   135741987
2317   	鴻海         	20180510	   82.30	   83.00	   82.10	   82.90	    25511	     2106731
2330   	台積電       	20180510	  231.00	  231.50	  229.00	  229.50	    27530	     6337230
2412   	中華電       	20180510	  109.50	  110.00	  108.50	  108.50	    16739	     1823981
Y9999  	加權指數     	20180510	10731.68	10782.06	10731.68	10760.21	  7062376	   139276989
2317   	鴻海         	20180511	   84.10	   85.00	   83.60	   85.00	    47533	     4011773
2330   	台積電       	20180511	  232.00	  234.00	  230.50	  233.00	    30693	     7138428
2412   	中華電       	20180511	  109.00	  109.50	  108.50	  109.00	     8114	      884510
Y9999  	加權指數     	20180511	10808.40	10874.63	10808.40	10858.98	  7399223	   165763227
2317   	鴻海         	20180514	   90.40	   90.40	   87.70	   89.00	   128444	    11415306
2330   	台積電       	20180514	  234.50	  234.50	  232.50	  233.00	    23577	     5502726
2412   	中華電       	20180514	  109.00	  109.50	  109.00	  109.00	     8209	      895726
Y9999  	加權指數     	20180514	10938.30	10970.24	10908.86	10952.39	  7222849	   145417795
2317   	鴻海         	20180515	   89.00	   89.00	   86.00	   86.00	    72738	     6340052
2330   	台積電       	20180515	  233.50	  234.00	  229.50	  230.50	    23771	     5493470
2412   	中華電       	20180515	  109.00	  109.50	  108.50	  108.50	     7054	      767923
Y9999  	加權指數     	20180515	10965.08	10978.38	10874.73	10874.73	  7275156	   154261858
2317   	鴻海         	20180516	   85.60	   85.90	   84.10	   84.60	    55360	     4698013
2330   	台積電       	20180516	  229.50	  230.50	  228.50	  230.50	    14834	     3408682
2412   	中華電       	20180516	  108.50	  109.00	  108.00	  108.00	     9030	      977458
Y9999  	加權指數     	20180516	10873.54	10915.74	10865.07	10897.57	  7224691	   138999702
2317   	鴻海         	20180517	   84.80	   85.60	   84.20	   84.20	    28341	     2405685
2330   	台積電       	20180517	  231.00	  231.50	  226.50	  226.50	    27702	     6322484
2412   	中華電       	20180517	  108.50	  109.00	  108.00	  108.50	     6720	      728809
Y9999  	加權指數     	20180517	10911.74	10938.63	10833.81	10833.81	  6908232	   133938722
2317   	鴻海         	20180518	   84.40	   85.00	   83.90	   83.90	    23937	     2018466
2330   	台積電       	20180518	  225.50	  227.50	  223.50	  223.50	    28187	     6327474
2412   	中華電       	20180518	  109.00	  110.00	  108.50	  110.00	     9096	      996124
Y9999  	加權指數     	20180518	10844.09	10893.35	10819.07	10830.84	  6809564	   127800499
2317   	鴻海         	20180521	   84.40	   85.50	   84.40	   85.00	    23998	     2039788
2330   	台積電       	20180521	  225.00	  230.00	  225.00	  229.00	    16417	     3751438
2412   	中華電       	20180521	  110.00	  110.50	  109.50	  110.00	     7241	      797598
Y9999  	加權指數     	20180521	10861.66	10979.10	10861.66	10966.20	  7127060	   127521035
2317   	鴻海         	20180522	   85.10	   85.40	   84.00	   84.00	    25590	     2160920
2330   	台積電       	20180522	  230.00	  233.50	  229.00	  229.00	    22422	     5175634
2412   	中華電       	20180522	  109.50	  110.00	  109.50	  109.50	     5652	      620378
Y9999  	加權指數     	20180522	10986.77	11034.12	10938.73	10938.73	  7244202	   134650037
2317   	鴻海         	20180523	   84.50	   84.70	   83.60	   83.60	    20057	     1685766
2330   	台積電       	20180523	  231.50	  231.50	  228.50	  228.50	    26737	     6146178
2412   	中華電       	20180523	  109.50	  110.00	  109.00	  109.50	     4679	      513261
Y9999  	加權指數     	20180523	10974.52	10991.86	10886.18	10886.18	  6751995	   139732804
2317   	鴻海         	20180524	   83.50	   84.40	   83.50	   84.10	    22938	     1927730
2330   	台積電       	20180524	  229.50	  230.00	  228.50	  229.00	    13450	     3082675
2412   	中華電       	20180524	  110.00	  110.50	  109.00	  109.50	     5629	      618493
Y9999  	加權指數     	20180524	10910.61	10942.64	10883.52	10936.93	  6331255	   127685157
2317   	鴻海         	20180525	   84.50	   87.00	   84.30	   86.50	    50653	     4349587
2330   	台積電       	20180525	  228.50	  229.50	  228.00	  228.50	    16486	     3769909
2412   	中華電       	20180525	  110.00	  110.50	  109.50	  110.00	     5779	      637021
Y9999  	加權指數     	20180525	10946.62	10977.81	10918.12	10942.30	  6446493	   128991067
2317   	鴻海         	20180528	   88.20	   88.90	   87.80	   88.80	    65484	     5793767
2330   	台積電       	20180528	  229.50	  230.00	  226.50	  227.00	    17673	     4020203
2412   	中華電       	20180528	  110.50	  112.50	  110.00	  111.00	    18359	     2044843
Y9999  	加權指數     	20180528	10976.49	10999.43	10965.18	10987.77	  6798818	   141152746
2317   	鴻海         	20180529	   88.90	   89.00	   87.50	   87.60	    42302	     3728378
2330   	台積電       	20180529	  226.50	  226.50	  223.50	  225.00	    25770	     5782293
2412   	中華電       	20180529	  111.00	  111.50	  109.50	  109.50	     6864	      753110
Y9999  	加權指數     	20180529	10979.68	10986.53	10929.56	10964.12	  6779308	   140619373
2317   	鴻海         	20180530	   86.50	   88.10	   86.50	   87.40	    39291	     3426672
2330   	台積電       	20180530	  224.00	  224.00	  220.50	  221.00	    49667	    10997306
2412   	中華電       	20180530	  109.00	  109.50	  108.50	  108.50	    10275	     1120902
Y9999  	加權指數     	20180530	10925.21	10925.21	10799.75	10821.17	  7427700	   163634132
2317   	鴻海         	20180531	   87.40	   88.00	   85.70	   85.70	    83601	     7225946
2330   	台積電       	20180531	  221.50	  224.00	  220.50	  224.00	    96587	    21553655
2412   	中華電       	20180531	  109.00	  110.00	  109.00	  109.00	    24651	     2692765
Y9999  	加權指數     	20180531	10856.03	10909.61	10853.65	10874.96	  8683904	   239264232
